1 0.5324519230769231 0.9338942307692307 0.2860576923076923 0.12740384615384615
1 0.7740384615384616 0.8353365384615384 0.22355769230769232 0.16826923076923078
1 0.671875 0.7223557692307693 0.13221153846153846 0.09134615384615384
1 0.6502403846153846 0.6730769230769231 0.11298076923076923 0.06490384615384616
1 0.6129807692307693 0.6310096153846154 0.0889423076923077 0.05048076923076923
1 0.5048076923076923 0.8389423076923077 0.19951923076923078 0.14903846153846154
1 0.5144230769230769 0.7463942307692307 0.16346153846153846 0.11057692307692307
1 0.5108173076923077 0.6706730769230769 0.12259615384615384 0.07932692307692307
1 0.47596153846153844 0.640625 0.10096153846153846 0.06009615384615385
1 0.09735576923076923 0.8786057692307693 0.19471153846153846 0.1466346153846154
1 0.22596153846153846 0.7716346153846154 0.14423076923076922 0.1346153846153846
1 0.2512019230769231 0.6682692307692307 0.16346153846153846 0.11778846153846154
0 0.3173076923076923 0.6081730769230769 0.15625 0.1466346153846154