1 0.7043269230769231 0.8521634615384616 0.21153846153846154 0.2860576923076923
1 0.6502403846153846 0.6394230769230769 0.13942307692307693 0.17067307692307693
1 0.6009615384615384 0.5432692307692307 0.14903846153846154 0.22115384615384615
1 0.9050480769230769 0.3329326923076923 0.09615384615384616 0.1466346153846154
1 0.8100961538461539 0.30649038461538464 0.07451923076923077 0.0985576923076923
1 0.2091346153846154 0.4110576923076923 0.11057692307692307 0.1466346153846154
1 0.5841346153846154 0.3918269230769231 0.0985576923076923 0.0985576923076923
1 0.5661057692307693 0.36778846153846156 0.09615384615384616 0.1201923076923077
1 0.5408653846153846 0.3485576923076923 0.07211538461538461 0.1201923076923077
1 0.359375 0.44711538461538464 0.09375 0.1466346153846154
1 0.38221153846153844 0.375 0.08173076923076923 0.12740384615384615
1 0.31009615384615385 0.8713942307692307 0.22115384615384615 0.25240384615384615
3 0.27884615384615385 0.6225961538461539 0.1875 0.4423076923076923
3 0.5228365384615384 0.2956730769230769 0.08653846153846154 0.20673076923076922
3 0.4026442307692308 0.3173076923076923 0.0673076923076923 0.1346153846153846