1 0.8473557692307693 0.7752403846153846 0.25961538461538464 0.17067307692307693
1 0.7139423076923077 0.6658653846153846 0.14182692307692307 0.08413461538461539
1 0.6802884615384616 0.6105769230769231 0.11538461538461539 0.06009615384615385
1 0.6177884615384616 0.5516826923076923 0.0889423076923077 0.04567307692307692
1 0.5841346153846154 0.9278846153846154 0.3173076923076923 0.13942307692307693
1 0.5300480769230769 0.8112980769230769 0.2091346153846154 0.14182692307692307
1 0.5228365384615384 0.6947115384615384 0.14903846153846154 0.09375
1 0.5048076923076923 0.6165865384615384 0.12259615384615384 0.06971153846153846
1 0.4651442307692308 0.5901442307692307 0.09375 0.052884615384615384
1 0.10096153846153846 0.9338942307692307 0.20192307692307693 0.12259615384615384
1 0.1778846153846154 0.7980769230769231 0.2091346153846154 0.14423076923076922
1 0.22596153846153846 0.6622596153846154 0.14903846153846154 0.11538461538461539
0 0.28846153846153844 0.5793269230769231 0.15144230769230768 0.13942307692307693