1 0.2127403846153846 0.9290865384615384 0.19951923076923078 0.13701923076923078
1 0.3870192307692308 0.8689903846153846 0.16826923076923078 0.21634615384615385
1 0.5300480769230769 0.9362980769230769 0.19951923076923078 0.12259615384615384
1 0.7956730769230769 0.7896634615384616 0.18269230769230768 0.18509615384615385
1 0.6177884615384616 0.8425480769230769 0.18028846153846154 0.17548076923076922
1 0.49158653846153844 0.5649038461538461 0.11778846153846154 0.16105769230769232
1 0.6875 0.6814903846153846 0.15625 0.17307692307692307
1 0.6382211538461539 0.5949519230769231 0.14182692307692307 0.1658653846153846
1 0.7295673076923077 0.4651442307692308 0.11057692307692307 0.13221153846153846
1 0.6983173076923077 0.3870192307692308 0.08653846153846154 0.10576923076923077
1 0.6225961538461539 0.4675480769230769 0.0889423076923077 0.11778846153846154
1 0.4326923076923077 0.5372596153846154 0.11298076923076923 0.14903846153846154
1 0.30408653846153844 0.5456730769230769 0.1201923076923077 0.13942307692307693
1 0.32091346153846156 0.640625 0.12259615384615384 0.16346153846153846
1 0.5528846153846154 0.7608173076923077 0.14423076923076922 0.19951923076923078
1 0.2403846153846154 0.28846153846153844 0.0673076923076923 0.08173076923076923
1 0.16466346153846154 0.34375 0.055288461538461536 0.0673076923076923
1 0.1310096153846154 0.4098557692307692 0.07692307692307693 0.09615384615384616
1 0.08173076923076923 0.4675480769230769 0.09375 0.10576923076923077
1 0.038461538461538464 0.5228365384615384 0.07692307692307693 0.12740384615384615
1 0.052884615384615384 0.3798076923076923 0.07211538461538461 0.07932692307692307
1 0.02403846153846154 0.6298076923076923 0.036057692307692304 0.13221153846153846
2 0.5060096153846154 0.4519230769230769 0.04807692307692308 0.09615384615384616
2 0.47836538461538464 0.3161057692307692 0.03125 0.0889423076923077
2 0.3713942307692308 0.3485576923076923 0.03365384615384615 0.08413461538461539
0 0.8197115384615384 0.3401442307692308 0.17548076923076922 0.24519230769230768
0 0.6622596153846154 0.2860576923076923 0.11778846153846154 0.1875
3 0.9134615384615384 0.6021634615384616 0.16826923076923078 0.33413461538461536
3 0.5564903846153846 0.2800480769230769 0.10817307692307693 0.19230769230769232