1 0.06850961538461539 0.7512019230769231 0.13701923076923078 0.2764423076923077
1 0.1622596153846154 0.5757211538461539 0.1971153846153846 0.14423076923076922
1 0.2704326923076923 0.5168269230769231 0.1201923076923077 0.08173076923076923
1 0.3004807692307692 0.484375 0.09615384615384616 0.052884615384615384
1 0.3473557692307692 0.4567307692307692 0.06971153846153846 0.052884615384615384
1 0.2980769230769231 0.8485576923076923 0.3125 0.27403846153846156
1 0.3629807692307692 0.6911057692307693 0.1875 0.15384615384615385
1 0.38822115384615385 0.6033653846153846 0.14903846153846154 0.10096153846153846
1 0.41947115384615385 0.5360576923076923 0.11538461538461539 0.07211538461538461
1 0.4579326923076923 0.5180288461538461 0.08413461538461539 0.055288461538461536
1 0.7620192307692307 0.8858173076923077 0.3173076923076923 0.22355769230769232
1 0.6682692307692307 0.71875 0.18028846153846154 0.14423076923076922
1 0.6574519230769231 0.6153846153846154 0.15384615384615385 0.12259615384615384
2 0.5048076923076923 0.7716346153846154 0.10817307692307693 0.13942307692307693
2 0.5144230769230769 0.5973557692307693 0.052884615384615384 0.07451923076923077
2 0.5204326923076923 0.5324519230769231 0.036057692307692304 0.052884615384615384
0 0.6177884615384616 0.5384615384615384 0.15865384615384615 0.13942307692307693