1 0.5336538461538461 0.8894230769230769 0.23557692307692307 0.21634615384615385
1 0.8557692307692307 0.5588942307692307 0.14903846153846154 0.23557692307692307
1 0.6706730769230769 0.6778846153846154 0.18509615384615385 0.34134615384615385
1 0.8173076923076923 0.27163461538461536 0.11057692307692307 0.15144230769230768
1 0.6862980769230769 0.2620192307692308 0.10817307692307693 0.17548076923076922
1 0.6033653846153846 0.36899038461538464 0.0985576923076923 0.19230769230769232
1 0.47596153846153844 0.4170673076923077 0.10096153846153846 0.16105769230769232
1 0.5588942307692307 0.5396634615384616 0.11298076923076923 0.24519230769230768
1 0.9254807692307693 0.037259615384615384 0.07692307692307693 0.07451923076923077
1 0.8557692307692307 0.010817307692307692 0.0625 0.021634615384615384
1 0.3173076923076923 0.8112980769230769 0.22355769230769232 0.3581730769230769
1 0.09375 0.7295673076923077 0.17067307692307693 0.27403846153846156
1 0.29086538461538464 0.5144230769230769 0.14182692307692307 0.22115384615384615
1 0.4230769230769231 0.6177884615384616 0.13221153846153846 0.2403846153846154
1 0.36778846153846156 0.3173076923076923 0.11057692307692307 0.15625
1 0.12740384615384615 0.38822115384615385 0.11057692307692307 0.17067307692307693
1 0.41586538461538464 0.19471153846153846 0.07692307692307693 0.11778846153846154
1 0.5480769230769231 0.1814903846153846 0.0673076923076923 0.11538461538461539
1 0.7295673076923077 0.20192307692307693 0.06490384615384616 0.11778846153846154
1 0.7692307692307693 0.15625 0.06490384615384616 0.12259615384615384
1 0.6057692307692307 0.0985576923076923 0.0625 0.07692307692307693
1 0.44591346153846156 0.06850961538461539 0.052884615384615384 0.07211538461538461
1 0.6802884615384616 0.13942307692307693 0.055288461538461536 0.07211538461538461
2 0.8149038461538461 0.7560096153846154 0.07692307692307693 0.25240384615384615
2 0.828125 0.6442307692307693 0.0625 0.22596153846153846
2 0.6274038461538461 0.22235576923076922 0.04567307692307692 0.12259615384615384
2 0.47836538461538464 0.11538461538461539 0.028846153846153848 0.10336538461538461
0 0.31490384615384615 0.09975961538461539 0.1201923076923077 0.18028846153846154
0 0.21153846153846154 0.09375 0.0985576923076923 0.1466346153846154
0 0.052884615384615384 0.4795673076923077 0.10576923076923077 0.5024038461538461