1 0.24759615384615385 0.9050480769230769 0.22596153846153846 0.18509615384615385
1 0.3269230769230769 0.8798076923076923 0.16346153846153846 0.23557692307692307
1 0.036057692307692304 0.3858173076923077 0.07211538461538461 0.13942307692307693
1 0.1045673076923077 0.35216346153846156 0.07692307692307693 0.11778846153846154
1 0.21033653846153846 0.30528846153846156 0.040865384615384616 0.07692307692307693
1 0.3641826923076923 0.6574519230769231 0.16346153846153846 0.21634615384615385
1 0.37740384615384615 0.5084134615384616 0.12259615384615384 0.15384615384615385
1 0.41586538461538464 0.46634615384615385 0.09615384615384616 0.15865384615384615
1 0.38461538461538464 0.3954326923076923 0.09134615384615384 0.0673076923076923
1 0.38341346153846156 0.35336538461538464 0.08413461538461539 0.052884615384615384
1 0.4266826923076923 0.328125 0.07451923076923077 0.11298076923076923
1 0.6730769230769231 0.8209134615384616 0.19230769230769232 0.3125
1 0.6502403846153846 0.6586538461538461 0.15865384615384615 0.19230769230769232
1 0.5949519230769231 0.5408653846153846 0.1346153846153846 0.17307692307692307
1 0.6358173076923077 0.47836538461538464 0.10336538461538461 0.15144230769230768
1 0.6045673076923077 0.39783653846153844 0.10817307692307693 0.11538461538461539
1 0.5709134615384616 0.39663461538461536 0.07211538461538461 0.125
1 0.6670673076923077 0.32211538461538464 0.04326923076923077 0.07692307692307693
3 0.6021634615384616 0.2920673076923077 0.08653846153846154 0.16105769230769232
3 0.4567307692307692 0.28125 0.04807692307692308 0.1346153846153846