1 0.5528846153846154 0.9591346153846154 0.1875 0.07692307692307693
1 0.4675480769230769 0.7439903846153846 0.17067307692307693 0.21634615384615385
1 0.4831730769230769 0.4807692307692308 0.12259615384615384 0.14903846153846154
1 0.40024038461538464 0.42427884615384615 0.11298076923076923 0.13701923076923078
1 0.4362980769230769 0.24639423076923078 0.0889423076923077 0.10817307692307693
1 0.4206730769230769 0.11177884615384616 0.06009615384615385 0.07451923076923077
1 0.4326923076923077 0.17548076923076922 0.0673076923076923 0.08173076923076923
1 0.7596153846153846 0.6682692307692307 0.125 0.15625
1 0.8653846153846154 0.8245192307692307 0.15144230769230768 0.23076923076923078
1 0.7776442307692307 0.41466346153846156 0.09375 0.11778846153846154
1 0.7295673076923077 0.5216346153846154 0.11057692307692307 0.13221153846153846
1 0.6766826923076923 0.44350961538461536 0.09134615384615384 0.125
1 0.640625 0.33653846153846156 0.08413461538461539 0.10096153846153846
1 0.7536057692307693 0.3401442307692308 0.07932692307692307 0.10817307692307693
1 0.7067307692307693 0.28125 0.08173076923076923 0.10336538461538461
1 0.6021634615384616 0.26802884615384615 0.0673076923076923 0.08413461538461539
1 0.5757211538461539 0.1971153846153846 0.0625 0.07451923076923077
1 0.5673076923076923 0.15985576923076922 0.06490384615384616 0.08173076923076923
1 0.5348557692307693 0.06850961538461539 0.052884615384615384 0.0625
2 0.39302884615384615 0.6033653846153846 0.0673076923076923 0.1466346153846154
2 0.2283653846153846 0.31850961538461536 0.04807692307692308 0.11298076923076923
2 0.17067307692307693 0.34975961538461536 0.04807692307692308 0.11057692307692307
2 0.12860576923076922 0.3245192307692308 0.052884615384615384 0.11538461538461539
2 0.22115384615384615 0.11177884615384616 0.03125 0.07211538461538461
2 0.25 0.078125 0.026442307692307692 0.0673076923076923
2 0.9759615384615384 0.5480769230769231 0.04326923076923077 0.12980769230769232
2 0.8810096153846154 0.3629807692307692 0.040865384615384616 0.0985576923076923
2 0.8233173076923077 0.3389423076923077 0.036057692307692304 0.07932692307692307
3 0.23197115384615385 0.5817307692307693 0.21153846153846154 0.4326923076923077
3 0.296875 0.3713942307692308 0.16346153846153846 0.2860576923076923
3 0.640625 0.08774038461538461 0.10336538461538461 0.15384615384615385
3 0.3112980769230769 0.07572115384615384 0.07451923076923077 0.13701923076923078