1 0.8798076923076923 0.9110576923076923 0.18269230769230768 0.17307692307692307
1 0.7932692307692307 0.7403846153846154 0.17548076923076922 0.13221153846153846
1 0.6899038461538461 0.6586538461538461 0.1346153846153846 0.07211538461538461
1 0.6658653846153846 0.6117788461538461 0.11057692307692307 0.057692307692307696
1 0.6213942307692307 0.5661057692307693 0.09375 0.04807692307692308
1 0.5793269230769231 0.9314903846153846 0.32211538461538464 0.13221153846153846
1 0.5432692307692307 0.8209134615384616 0.1971153846153846 0.1466346153846154
1 0.5336538461538461 0.7199519230769231 0.15144230769230768 0.10336538461538461
1 0.5216346153846154 0.6418269230769231 0.1201923076923077 0.08413461538461539
1 0.4831730769230769 0.6081730769230769 0.10096153846153846 0.0625
1 0.24759615384615385 0.6598557692307693 0.1658653846153846 0.12740384615384615
1 0.2127403846153846 0.7692307692307693 0.20432692307692307 0.14423076923076922
1 0.11538461538461539 0.8954326923076923 0.23076923076923078 0.1658653846153846
2 0.3076923076923077 0.9615384615384616 0.12740384615384615 0.052884615384615384
2 0.38822115384615385 0.7788461538461539 0.07692307692307693 0.11057692307692307
2 0.4074519230769231 0.6526442307692307 0.05048076923076923 0.0625
2 0.4098557692307692 0.5901442307692307 0.04567307692307692 0.05048076923076923
0 0.30408653846153844 0.5901442307692307 0.16346153846153846 0.1466346153846154