1 0.28966346153846156 0.8677884615384616 0.25 0.24519230769230768
1 0.6706730769230769 0.8990384615384616 0.23557692307692307 0.1971153846153846
1 0.609375 0.7283653846153846 0.1971153846153846 0.25721153846153844
1 0.34375 0.6418269230769231 0.17548076923076922 0.22355769230769232
1 0.6646634615384616 0.6213942307692307 0.15865384615384615 0.20673076923076922
1 0.6610576923076923 0.5264423076923077 0.15384615384615385 0.17548076923076922
1 0.6117788461538461 0.4987980769230769 0.11057692307692307 0.16826923076923078
1 0.7415865384615384 0.38461538461538464 0.04807692307692308 0.09375
1 0.38341346153846156 0.5733173076923077 0.15865384615384615 0.22115384615384615
1 0.3786057692307692 0.4326923076923077 0.12259615384615384 0.11057692307692307
1 0.43028846153846156 0.38100961538461536 0.10817307692307693 0.15625
1 0.03125 0.36658653846153844 0.052884615384615384 0.1346153846153846
1 0.06610576923076923 0.33774038461538464 0.09375 0.14182692307692307
1 0.14302884615384615 0.32091346153846156 0.0889423076923077 0.1346153846153846
3 0.671875 0.3629807692307692 0.12740384615384615 0.21875
3 0.59375 0.3449519230769231 0.0625 0.10817307692307693
3 0.49158653846153844 0.3076923076923077 0.07932692307692307 0.16346153846153846