1 0.30288461538461536 0.8918269230769231 0.28846153846153844 0.20192307692307693
1 0.7752403846153846 0.9302884615384616 0.31971153846153844 0.1346153846153846
1 0.65625 0.8064903846153846 0.16346153846153846 0.13221153846153846
1 0.65625 0.7019230769230769 0.14903846153846154 0.1201923076923077
1 0.12740384615384615 0.6730769230769231 0.19471153846153846 0.14903846153846154
1 0.2536057692307692 0.6105769230769231 0.11057692307692307 0.07451923076923077
1 0.29086538461538464 0.5745192307692307 0.0985576923076923 0.0625
1 0.33413461538461536 0.5528846153846154 0.08413461538461539 0.04807692307692308
1 0.36538461538461536 0.7764423076923077 0.19471153846153846 0.14903846153846154
1 0.38341346153846156 0.6862980769230769 0.1466346153846154 0.0985576923076923
1 0.4182692307692308 0.6201923076923077 0.11538461538461539 0.07451923076923077
1 0.453125 0.6045673076923077 0.08653846153846154 0.057692307692307696
2 0.5168269230769231 0.9278846153846154 0.10096153846153846 0.13942307692307693
0 0.6069711538461539 0.6262019230769231 0.15144230769230768 0.14182692307692307