1 0.16466346153846154 0.9350961538461539 0.25 0.09134615384615384
1 0.22956730769230768 0.8581730769230769 0.23557692307692307 0.2548076923076923
1 0.24519230769230768 0.6995192307692307 0.19230769230769232 0.22115384615384615
1 0.037259615384615384 0.35096153846153844 0.0625 0.11778846153846154
1 0.0829326923076923 0.3269230769230769 0.0673076923076923 0.10096153846153846
1 0.12620192307692307 0.32091346153846156 0.06009615384615385 0.0889423076923077
1 0.27884615384615385 0.6057692307692307 0.1346153846153846 0.15865384615384615
1 0.3125 0.5216346153846154 0.14423076923076922 0.2091346153846154
1 0.36899038461538464 0.3798076923076923 0.07692307692307693 0.125
1 0.3858173076923077 0.359375 0.0673076923076923 0.10817307692307693
1 0.6418269230769231 0.8629807692307693 0.23557692307692307 0.2692307692307692
1 0.578125 0.7596153846153846 0.19471153846153846 0.25
1 0.5324519230769231 0.39783653846153844 0.08173076923076923 0.11778846153846154
1 0.7007211538461539 0.43149038461538464 0.09134615384615384 0.1346153846153846
3 0.6141826923076923 0.5504807692307693 0.1875 0.3485576923076923
3 0.4026442307692308 0.3233173076923077 0.08413461538461539 0.19951923076923078