1 0.1201923076923077 0.8305288461538461 0.20673076923076922 0.21634615384615385
1 0.39783653846153844 0.8858173076923077 0.25721153846153844 0.22355769230769232
1 0.8341346153846154 0.8401442307692307 0.28125 0.21394230769230768
1 0.22115384615384615 0.6670673076923077 0.15625 0.10817307692307693
1 0.30408653846153844 0.5949519230769231 0.0985576923076923 0.0625
1 0.3329326923076923 0.5540865384615384 0.07932692307692307 0.04326923076923077
1 0.37740384615384615 0.5132211538461539 0.06971153846153846 0.036057692307692304
1 0.42908653846153844 0.7355769230769231 0.16826923076923078 0.12740384615384615
1 0.7103365384615384 0.6983173076923077 0.1778846153846154 0.11778846153846154
1 0.4326923076923077 0.6430288461538461 0.13701923076923078 0.07932692307692307
1 0.44591346153846156 0.5829326923076923 0.10576923076923077 0.0673076923076923
1 0.6790865384615384 0.6069711538461539 0.14903846153846154 0.10336538461538461
1 0.47716346153846156 0.5504807692307693 0.06971153846153846 0.040865384615384616
1 0.48197115384615385 0.5264423076923077 0.0673076923076923 0.028846153846153848
2 0.5757211538461539 0.7247596153846154 0.06971153846153846 0.09375
2 0.5420673076923077 0.6117788461538461 0.04326923076923077 0.06009615384615385
2 0.5396634615384616 0.5637019230769231 0.03365384615384615 0.04326923076923077
2 0.5348557692307693 0.53125 0.026442307692307692 0.036057692307692304
0 0.6213942307692307 0.5408653846153846 0.1346153846153846 0.11298076923076923
0 0.5552884615384616 0.47115384615384615 0.07451923076923077 0.06009615384615385