1 0.84375 0.7115384615384616 0.23076923076923078 0.15384615384615385
1 0.7223557692307693 0.6189903846153846 0.125 0.07451923076923077
1 0.6911057692307693 0.5697115384615384 0.10336538461538461 0.052884615384615384
1 0.6322115384615384 0.5192307692307693 0.07932692307692307 0.040865384615384616
1 0.6153846153846154 0.8954326923076923 0.2860576923076923 0.20432692307692307
1 0.5637019230769231 0.7536057692307693 0.1875 0.125
1 0.5528846153846154 0.6502403846153846 0.1346153846153846 0.08173076923076923
1 0.5336538461538461 0.5817307692307693 0.10817307692307693 0.0625
1 0.49759615384615385 0.5588942307692307 0.08413461538461539 0.04807692307692308
1 0.14182692307692307 0.9098557692307693 0.2692307692307692 0.17548076923076922
1 0.24759615384615385 0.7536057692307693 0.18509615384615385 0.12980769230769232
1 0.28725961538461536 0.6298076923076923 0.1346153846153846 0.10336538461538461
0 0.3401442307692308 0.5540865384615384 0.13701923076923078 0.12259615384615384