1 0.8341346153846154 0.9290865384615384 0.3269230769230769 0.10817307692307693
1 0.5901442307692307 0.8822115384615384 0.24278846153846154 0.1971153846153846
1 0.453125 0.9254807692307693 0.29086538461538464 0.14423076923076922
1 0.7379807692307693 0.8125 0.17548076923076922 0.18028846153846154
1 0.7091346153846154 0.6694711538461539 0.21634615384615385 0.14423076923076922
1 0.9555288461538461 0.53125 0.08413461538461539 0.07692307692307693
1 0.49158653846153844 0.7608173076923077 0.15384615384615385 0.14903846153846154
1 0.12860576923076922 0.7932692307692307 0.20673076923076922 0.14903846153846154
1 0.75 0.4891826923076923 0.21394230769230768 0.07932692307692307
1 0.5877403846153846 0.2800480769230769 0.09375 0.04326923076923077
1 0.028846153846153848 0.4831730769230769 0.057692307692307696 0.08173076923076923
2 0.9170673076923077 0.8810096153846154 0.15625 0.10096153846153846