1 0.6189903846153846 0.8930288461538461 0.3245192307692308 0.2091346153846154
1 0.16346153846153846 0.921875 0.2403846153846154 0.15144230769230768
1 0.234375 0.7860576923076923 0.1971153846153846 0.14182692307692307
1 0.24639423076923078 0.6802884615384616 0.17307692307692307 0.13221153846153846
1 0.5516826923076923 0.7632211538461539 0.1875 0.1466346153846154
1 0.5348557692307693 0.6658653846153846 0.15384615384615385 0.0985576923076923
1 0.5108173076923077 0.5985576923076923 0.1201923076923077 0.07692307692307693
1 0.45913461538461536 0.5733173076923077 0.09134615384615384 0.055288461538461536
1 0.8882211538461539 0.8004807692307693 0.21875 0.2548076923076923
1 0.7740384615384616 0.6466346153846154 0.18990384615384615 0.14182692307692307
1 0.6670673076923077 0.5817307692307693 0.12259615384615384 0.07692307692307693
1 0.6177884615384616 0.5396634615384616 0.0985576923076923 0.06009615384615385
1 0.5685096153846154 0.5012019230769231 0.07451923076923077 0.04567307692307692
0 0.296875 0.5901442307692307 0.15144230769230768 0.12980769230769232
0 0.3557692307692308 0.49399038461538464 0.07451923076923077 0.057692307692307696