1 0.14423076923076922 0.9699519230769231 0.16346153846153846 0.055288461538461536
1 0.35336538461538464 0.9579326923076923 0.15384615384615385 0.07932692307692307
1 0.5108173076923077 0.9206730769230769 0.14182692307692307 0.15384615384615385
1 0.6646634615384616 0.9086538461538461 0.15144230769230768 0.1658653846153846
1 0.12139423076923077 0.7596153846153846 0.1201923076923077 0.13701923076923078
1 0.2091346153846154 0.8329326923076923 0.13701923076923078 0.16346153846153846
1 0.25961538461538464 0.7151442307692307 0.11538461538461539 0.12980769230769232
1 0.3449519230769231 0.7764423076923077 0.12259615384615384 0.12980769230769232
1 0.38461538461538464 0.6730769230769231 0.10576923076923077 0.11538461538461539
1 0.24278846153846154 0.6394230769230769 0.08173076923076923 0.09375
1 0.1045673076923077 0.6490384615384616 0.10336538461538461 0.1201923076923077
1 0.10697115384615384 0.5673076923076923 0.07932692307692307 0.09134615384615384
1 0.25 0.5901442307692307 0.08653846153846154 0.09134615384615384
1 0.375 0.5841346153846154 0.10096153846153846 0.11298076923076923
1 0.1935096153846154 0.5228365384615384 0.08173076923076923 0.08653846153846154
1 0.5012019230769231 0.7415865384615384 0.0985576923076923 0.13701923076923078
1 0.4735576923076923 0.8557692307692307 0.12259615384615384 0.17067307692307693
1 0.6694711538461539 0.7271634615384616 0.10096153846153846 0.16826923076923078
1 0.6442307692307693 0.6502403846153846 0.09375 0.15384615384615385
1 0.5024038461538461 0.6658653846153846 0.0985576923076923 0.13701923076923078
1 0.5072115384615384 0.59375 0.09375 0.11057692307692307
1 0.43028846153846156 0.5060096153846154 0.06971153846153846 0.0985576923076923
1 0.5288461538461539 0.5408653846153846 0.07932692307692307 0.10336538461538461
1 0.3581730769230769 0.4963942307692308 0.057692307692307696 0.06971153846153846
1 0.2776442307692308 0.5564903846153846 0.0673076923076923 0.09615384615384616
1 0.2247596153846154 0.4423076923076923 0.07451923076923077 0.08653846153846154
1 0.26802884615384615 0.4170673076923077 0.055288461538461536 0.06490384615384616
1 0.31850961538461536 0.4182692307692308 0.06490384615384616 0.08173076923076923
1 0.3389423076923077 0.36177884615384615 0.038461538461538464 0.055288461538461536
1 0.4495192307692308 0.3401442307692308 0.036057692307692304 0.057692307692307696
1 0.9507211538461539 0.8173076923076923 0.09375 0.23076923076923078
1 0.9567307692307693 0.7283653846153846 0.08173076923076923 0.18269230769230768
1 0.9411057692307693 0.6189903846153846 0.11298076923076923 0.11778846153846154
1 0.9615384615384616 0.5817307692307693 0.07211538461538461 0.15384615384615385
1 0.7644230769230769 0.4951923076923077 0.06490384615384616 0.10817307692307693
1 0.7223557692307693 0.43990384615384615 0.06971153846153846 0.09134615384615384
1 0.671875 0.28966346153846156 0.04567307692307692 0.06971153846153846
1 0.734375 0.39302884615384615 0.052884615384615384 0.0889423076923077
1 0.8641826923076923 0.4411057692307692 0.07211538461538461 0.10576923076923077
1 0.8509615384615384 0.5793269230769231 0.10336538461538461 0.13942307692307693
1 0.9627403846153846 0.5096153846153846 0.06971153846153846 0.09615384615384616
1 0.8293269230769231 0.34615384615384615 0.07211538461538461 0.06009615384615385
2 0.25721153846153844 0.9326923076923077 0.0625 0.12980769230769232
2 0.8882211538461539 0.7632211538461539 0.057692307692307696 0.15865384615384615
2 0.13581730769230768 0.890625 0.057692307692307696 0.12259615384615384
2 0.5384615384615384 0.4074519230769231 0.028846153846153848 0.07932692307692307
2 0.5637019230769231 0.4050480769230769 0.028846153846153848 0.07211538461538461
2 0.4567307692307692 0.42908653846153844 0.03125 0.07932692307692307
0 0.3269230769230769 0.3088942307692308 0.0889423076923077 0.10817307692307693
0 0.3954326923076923 0.18028846153846154 0.04326923076923077 0.052884615384615384
0 0.8822115384615384 0.2848557692307692 0.12740384615384615 0.15144230769230768