1 0.38221153846153844 0.7151442307692307 0.28846153846153844 0.44471153846153844
1 0.8822115384615384 0.6838942307692307 0.23076923076923078 0.35096153846153844
1 0.8978365384615384 0.47475961538461536 0.14182692307692307 0.11538461538461539
1 0.8064903846153846 0.4230769230769231 0.11538461538461539 0.0985576923076923
1 0.703125 0.3798076923076923 0.0889423076923077 0.09615384615384616
1 0.5841346153846154 0.35336538461538464 0.10336538461538461 0.09615384615384616
1 0.3317307692307692 0.46634615384615385 0.1658653846153846 0.22355769230769232
1 0.39302884615384615 0.3737980769230769 0.11778846153846154 0.19230769230769232
1 0.30408653846153844 0.3858173076923077 0.1201923076923077 0.17548076923076922
1 0.22716346153846154 0.36899038461538464 0.10576923076923077 0.17307692307692307
2 0.22115384615384615 0.5204326923076923 0.09375 0.27403846153846156
2 0.12980769230769232 0.42427884615384615 0.07451923076923077 0.21394230769230768
2 0.09134615384615384 0.39783653846153844 0.0625 0.20432692307692307