1 0.22115384615384615 0.9399038461538461 0.2692307692307692 0.11538461538461539
1 0.30649038461538464 0.9086538461538461 0.2091346153846154 0.1778846153846154
1 0.019230769230769232 0.41225961538461536 0.038461538461538464 0.14182692307692307
1 0.09134615384615384 0.3449519230769231 0.057692307692307696 0.09134615384615384
1 0.3173076923076923 0.7103365384615384 0.21394230769230768 0.2644230769230769
1 0.3088942307692308 0.5444711538461539 0.16105769230769232 0.19230769230769232
1 0.34375 0.49158653846153844 0.12980769230769232 0.18990384615384615
1 0.2980769230769231 0.4170673076923077 0.11057692307692307 0.0889423076923077
1 0.28966346153846156 0.3701923076923077 0.10096153846153846 0.07211538461538461
1 0.33413461538461536 0.33653846153846156 0.0985576923076923 0.13701923076923078
1 0.6814903846153846 0.8233173076923077 0.25961538461538464 0.33653846153846156
1 0.6346153846153846 0.6682692307692307 0.20432692307692307 0.23798076923076922
1 0.5540865384615384 0.5456730769230769 0.17548076923076922 0.21394230769230768
1 0.5889423076923077 0.4699519230769231 0.13942307692307693 0.18509615384615385
1 0.5432692307692307 0.3858173076923077 0.13942307692307693 0.1466346153846154
1 0.5048076923076923 0.390625 0.0985576923076923 0.15144230769230768
1 0.6009615384615384 0.2932692307692308 0.06009615384615385 0.09375
3 0.5228365384615384 0.26802884615384615 0.1201923076923077 0.19230769230769232
3 0.359375 0.27884615384615385 0.07692307692307693 0.15865384615384615