1 0.7920673076923077 0.8040865384615384 0.23798076923076922 0.32211538461538464
1 0.3701923076923077 0.8737980769230769 0.25 0.24759615384615385
1 0.7247596153846154 0.6682692307692307 0.22115384615384615 0.2956730769230769
1 0.7175480769230769 0.5144230769230769 0.1778846153846154 0.21394230769230768
1 0.6887019230769231 0.44471153846153844 0.12740384615384615 0.15144230769230768
1 0.6610576923076923 0.3629807692307692 0.14423076923076922 0.20673076923076922
1 0.359375 0.6742788461538461 0.21634615384615385 0.28365384615384615
1 0.41947115384615385 0.5673076923076923 0.16105769230769232 0.22355769230769232
1 0.4483173076923077 0.3125 0.06009615384615385 0.13942307692307693
1 0.28846153846153844 0.29447115384615385 0.07932692307692307 0.12980769230769232
1 0.5949519230769231 0.2536057692307692 0.07692307692307693 0.1201923076923077
1 0.9567307692307693 0.23317307692307693 0.04807692307692308 0.12980769230769232
1 0.90625 0.19831730769230768 0.07451923076923077 0.10336538461538461
1 0.8629807692307693 0.19230769230769232 0.06490384615384616 0.09615384615384616
3 0.36538461538461536 0.390625 0.1875 0.3293269230769231
3 0.5673076923076923 0.1935096153846154 0.09134615384615384 0.18990384615384615