1 0.29447115384615385 0.8257211538461539 0.2283653846153846 0.30288461538461536
1 0.3557692307692308 0.6850961538461539 0.19230769230769232 0.23798076923076922
1 0.24759615384615385 0.35336538461538464 0.0889423076923077 0.12259615384615384
1 0.4050480769230769 0.3786057692307692 0.06490384615384616 0.1346153846153846
1 0.4074519230769231 0.3245192307692308 0.07692307692307693 0.11298076923076923
1 0.7680288461538461 0.9230769230769231 0.25240384615384615 0.12980769230769232
1 0.7007211538461539 0.8341346153846154 0.23557692307692307 0.31490384615384615
1 0.6826923076923077 0.6310096153846154 0.18269230769230768 0.2091346153846154
1 0.6478365384615384 0.5348557692307693 0.1346153846153846 0.15625
1 0.6129807692307693 0.4519230769230769 0.14182692307692307 0.21153846153846154
1 0.5685096153846154 0.3137019230769231 0.07451923076923077 0.1201923076923077
1 0.9591346153846154 0.3233173076923077 0.0673076923076923 0.17067307692307693
1 0.8762019230769231 0.27524038461538464 0.08413461538461539 0.10336538461538461
1 0.8221153846153846 0.2548076923076923 0.06009615384615385 0.08653846153846154
1 0.78125 0.25600961538461536 0.04567307692307692 0.07932692307692307
3 0.32091346153846156 0.4879807692307692 0.1971153846153846 0.3581730769230769
3 0.5324519230769231 0.25240384615384615 0.08653846153846154 0.1971153846153846