1 0.6887019230769231 0.890625 0.2980769230769231 0.21634615384615385
1 0.8954326923076923 0.6875 0.20432692307692307 0.15384615384615385
1 0.78125 0.5985576923076923 0.12740384615384615 0.07692307692307693
1 0.7475961538461539 0.5516826923076923 0.11057692307692307 0.052884615384615384
1 0.6875 0.5048076923076923 0.07932692307692307 0.04567307692307692
1 0.6646634615384616 0.48677884615384615 0.04807692307692308 0.03125
1 0.6346153846153846 0.7391826923076923 0.1971153846153846 0.13701923076923078
1 0.6165865384615384 0.6298076923076923 0.13701923076923078 0.0889423076923077
1 0.5949519230769231 0.5600961538461539 0.10817307692307693 0.06490384615384616
1 0.5588942307692307 0.5396634615384616 0.08413461538461539 0.04807692307692308
1 0.19230769230769232 0.8978365384615384 0.3269230769230769 0.19951923076923078
1 0.32211538461538464 0.7319711538461539 0.1875 0.1346153846153846
1 0.3545673076923077 0.6201923076923077 0.13942307692307693 0.11298076923076923
0 0.4074519230769231 0.5384615384615384 0.14423076923076922 0.1201923076923077