1 0.5612980769230769 0.8737980769230769 0.31009615384615385 0.24759615384615385
1 0.12139423076923077 0.7992788461538461 0.24278846153846154 0.25240384615384615
1 0.7836538461538461 0.6923076923076923 0.20192307692307693 0.15625
1 0.5360576923076923 0.71875 0.1875 0.1466346153846154
1 0.23918269230769232 0.6550480769230769 0.19471153846153846 0.13942307692307693
1 0.6935096153846154 0.5889423076923077 0.11778846153846154 0.07692307692307693
1 0.6694711538461539 0.5444711538461539 0.0985576923076923 0.055288461538461536
1 0.6358173076923077 0.5120192307692307 0.08653846153846154 0.055288461538461536
1 0.5432692307692307 0.6225961538461539 0.15144230769230768 0.09134615384615384
1 0.2848557692307692 0.5540865384615384 0.15384615384615385 0.1201923076923077
1 0.53125 0.5564903846153846 0.11057692307692307 0.07692307692307693
1 0.5024038461538461 0.5240384615384616 0.0985576923076923 0.055288461538461536
2 0.36778846153846156 0.734375 0.0889423076923077 0.125
0 0.3401442307692308 0.49158653846153844 0.16105769230769232 0.14182692307692307