1 0.4050480769230769 0.7259615384615384 0.25 0.4206730769230769
1 0.8918269230769231 0.6177884615384616 0.21153846153846154 0.3317307692307692
1 0.8701923076923077 0.4110576923076923 0.13221153846153846 0.10336538461538461
1 0.7740384615384616 0.375 0.10817307692307693 0.08653846153846154
1 0.6670673076923077 0.3485576923076923 0.08173076923076923 0.0889423076923077
1 0.5444711538461539 0.3425480769230769 0.09375 0.0889423076923077
1 0.3161057692307692 0.49038461538461536 0.1466346153846154 0.2091346153846154
1 0.36177884615384615 0.3918269230769231 0.10336538461538461 0.18269230769230768
1 0.27524038461538464 0.4170673076923077 0.10336538461538461 0.1658653846153846
1 0.1971153846153846 0.41346153846153844 0.09134615384615384 0.1658653846153846
2 0.21634615384615385 0.5600961538461539 0.06971153846153846 0.2668269230769231
2 0.11177884615384616 0.4807692307692308 0.055288461538461536 0.2091346153846154
2 0.07091346153846154 0.46033653846153844 0.04567307692307692 0.19951923076923078