1 0.36177884615384615 0.6862980769230769 0.19230769230769232 0.2403846153846154
1 0.037259615384615384 0.38822115384615385 0.07451923076923077 0.15144230769230768
1 0.09735576923076923 0.34375 0.08653846153846154 0.11538461538461539
1 0.19951923076923078 0.296875 0.04807692307692308 0.07692307692307693
1 0.3701923076923077 0.5180288461538461 0.13701923076923078 0.1778846153846154
1 0.40865384615384615 0.4723557692307692 0.10817307692307693 0.17067307692307693
1 0.3713942307692308 0.39783653846153844 0.10096153846153846 0.07692307692307693
1 0.41225961538461536 0.32211538461538464 0.0889423076923077 0.12980769230769232
1 0.7055288461538461 0.8389423076923077 0.23317307692307693 0.31009615384615385
1 0.6658653846153846 0.6730769230769231 0.17307692307692307 0.21634615384615385
1 0.6009615384615384 0.5492788461538461 0.15384615384615385 0.19951923076923078
1 0.6358173076923077 0.47596153846153844 0.12259615384615384 0.1658653846153846
1 0.6081730769230769 0.38822115384615385 0.12259615384615384 0.11538461538461539
1 0.5733173076923077 0.38221153846153844 0.09134615384615384 0.12980769230769232
3 0.6009615384615384 0.27403846153846156 0.09615384615384616 0.1778846153846154
3 0.4411057692307692 0.26322115384615385 0.06009615384615385 0.13221153846153846