1 0.7211538461538461 0.9254807692307693 0.19951923076923078 0.1201923076923077
1 0.5661057692307693 0.7019230769230769 0.17307692307692307 0.22596153846153846
1 0.5084134615384616 0.4230769230769231 0.12740384615384615 0.15625
1 0.40625 0.38822115384615385 0.11778846153846154 0.14182692307692307
1 0.3954326923076923 0.1935096153846154 0.09375 0.11298076923076923
1 0.34134615384615385 0.056490384615384616 0.0625 0.07932692307692307
1 0.3701923076923077 0.1201923076923077 0.0673076923076923 0.08413461538461539
1 0.8497596153846154 0.5420673076923077 0.12740384615384615 0.16346153846153846
1 0.9615384615384616 0.6802884615384616 0.07211538461538461 0.24519230769230768
1 0.7992788461538461 0.27283653846153844 0.09615384615384616 0.12259615384615384
1 0.7764423076923077 0.39663461538461536 0.11298076923076923 0.13942307692307693
1 0.7007211538461539 0.3317307692307692 0.09375 0.13221153846153846
1 0.6334134615384616 0.2283653846153846 0.08653846153846154 0.10576923076923077
1 0.7524038461538461 0.20192307692307693 0.07932692307692307 0.11298076923076923
1 0.6862980769230769 0.15264423076923078 0.08413461538461539 0.10817307692307693
1 0.5757211538461539 0.16947115384615385 0.0673076923076923 0.0889423076923077
1 0.5276442307692307 0.10216346153846154 0.0625 0.07692307692307693
1 0.5072115384615384 0.06610576923076923 0.0673076923076923 0.08413461538461539
2 0.4495192307692308 0.5757211538461539 0.06490384615384616 0.15625
2 0.19831730769230768 0.32572115384615385 0.04807692307692308 0.1201923076923077
2 0.1466346153846154 0.3737980769230769 0.04567307692307692 0.11778846153846154
2 0.09615384615384616 0.359375 0.05048076923076923 0.125
2 0.13341346153846154 0.11177884615384616 0.03125 0.07692307692307693
2 0.15384615384615385 0.06971153846153846 0.02403846153846154 0.07211538461538461
2 0.8918269230769231 0.18990384615384615 0.038461538461538464 0.10336538461538461
2 0.8245192307692307 0.1814903846153846 0.036057692307692304 0.08653846153846154
3 0.27524038461538464 0.5985576923076923 0.20673076923076922 0.45913461538461536
3 0.28365384615384615 0.36177884615384615 0.16346153846153846 0.30288461538461536
3 0.5685096153846154 0.027644230769230768 0.09375 0.055288461538461536
3 0.21875 0.07572115384615384 0.06971153846153846 0.10096153846153846