0 0.41947115384615385 0.9314903846153846 0.18509615384615385 0.13221153846153846
0 0.6875 0.9326923076923077 0.17307692307692307 0.12259615384615384
0 0.6862980769230769 0.8461538461538461 0.13221153846153846 0.16826923076923078
0 0.9314903846153846 0.7764423076923077 0.13221153846153846 0.21153846153846154
0 0.4951923076923077 0.8149038461538461 0.11778846153846154 0.24278846153846154
0 0.3401442307692308 0.7884615384615384 0.14182692307692307 0.18509615384615385
0 0.6334134615384616 0.7463942307692307 0.15144230769230768 0.23557692307692307
0 0.38822115384615385 0.7055288461538461 0.15144230769230768 0.15625
0 0.22355769230769232 0.8882211538461539 0.15384615384615385 0.19471153846153846
0 0.20673076923076922 0.7331730769230769 0.15865384615384615 0.15625
0 0.3557692307692308 0.5384615384615384 0.09375 0.15384615384615385
0 0.3545673076923077 0.38822115384615385 0.07932692307692307 0.10576923076923077
0 0.42427884615384615 0.3076923076923077 0.08653846153846154 0.09134615384615384
0 0.27403846153846156 0.2692307692307692 0.06971153846153846 0.08173076923076923
0 0.37740384615384615 0.21033653846153846 0.052884615384615384 0.0673076923076923
0 0.2932692307692308 0.21394230769230768 0.06009615384615385 0.052884615384615384
0 0.5528846153846154 0.5492788461538461 0.25721153846153844 0.34375
0 0.8088942307692307 0.5348557692307693 0.17067307692307693 0.3317307692307692