1 0.7548076923076923 0.8473557692307693 0.3076923076923077 0.3004807692307692
1 0.6971153846153846 0.7079326923076923 0.2548076923076923 0.30288461538461536
1 0.6850961538461539 0.2536057692307692 0.10817307692307693 0.14182692307692307
1 0.8653846153846154 0.3112980769230769 0.12740384615384615 0.17067307692307693
1 0.26802884615384615 0.8197115384615384 0.3076923076923077 0.3317307692307692
1 0.3125 0.6189903846153846 0.24519230769230768 0.2980769230769231
1 0.3737980769230769 0.4735576923076923 0.1658653846153846 0.20432692307692307
1 0.4266826923076923 0.3858173076923077 0.19471153846153846 0.2668269230769231
1 0.4951923076923077 0.21875 0.10576923076923077 0.14423076923076922
1 0.5216346153846154 0.20072115384615385 0.09134615384615384 0.1346153846153846
1 0.07692307692307693 0.17548076923076922 0.08413461538461539 0.19951923076923078
1 0.16947115384615385 0.13341346153846154 0.10817307692307693 0.13942307692307693
1 0.234375 0.12620192307692307 0.06490384615384616 0.10336538461538461
1 0.27283653846153844 0.11778846153846154 0.06971153846153846 0.09134615384615384
3 0.7560096153846154 0.46634615384615385 0.24759615384615385 0.4254807692307692
3 0.5480769230769231 0.15264423076923078 0.11298076923076923 0.21634615384615385