1 0.21033653846153846 0.7271634615384616 0.18509615384615385 0.13701923076923078
1 0.30288461538461536 0.6310096153846154 0.11538461538461539 0.07451923076923077
1 0.3137019230769231 0.59375 0.09134615384615384 0.04807692307692308
1 0.3485576923076923 0.5637019230769231 0.08173076923076923 0.04567307692307692
1 0.41466346153846156 0.8870192307692307 0.2956730769230769 0.22115384615384615
1 0.8401442307692307 0.8245192307692307 0.27884615384615385 0.22596153846153846
1 0.4362980769230769 0.7536057692307693 0.17548076923076922 0.13221153846153846
1 0.4338942307692308 0.6658653846153846 0.1346153846153846 0.0889423076923077
1 0.4387019230769231 0.6045673076923077 0.11538461538461539 0.07211538461538461
1 0.46875 0.5805288461538461 0.07932692307692307 0.052884615384615384
1 0.7079326923076923 0.6971153846153846 0.16346153846153846 0.125
1 0.6634615384615384 0.6069711538461539 0.13701923076923078 0.11057692307692307
2 0.5697115384615384 0.7139423076923077 0.07932692307692307 0.10336538461538461
0 0.6153846153846154 0.5516826923076923 0.14423076923076922 0.13701923076923078