1 0.17548076923076922 0.7596153846153846 0.2692307692307692 0.18028846153846154
1 0.3112980769230769 0.6454326923076923 0.1466346153846154 0.0889423076923077
1 0.3449519230769231 0.5865384615384616 0.1201923076923077 0.06490384615384616
1 0.4098557692307692 0.5240384615384616 0.09134615384615384 0.04807692307692308
1 0.453125 0.9170673076923077 0.33413461538461536 0.16105769230769232
1 0.5036057692307693 0.7908653846153846 0.21875 0.14903846153846154
1 0.5084134615384616 0.6706730769230769 0.15625 0.0985576923076923
1 0.5276442307692307 0.5901442307692307 0.12740384615384615 0.07451923076923077
1 0.5685096153846154 0.5612980769230769 0.0985576923076923 0.055288461538461536
1 0.921875 0.9170673076923077 0.15144230769230768 0.14182692307692307
1 0.8689903846153846 0.7704326923076923 0.21875 0.15384615384615385
1 0.8161057692307693 0.6310096153846154 0.15625 0.12259615384615384
0 0.75 0.546875 0.16105769230769232 0.1466346153846154