1 0.6442307692307693 0.8016826923076923 0.17548076923076922 0.22115384615384615
1 0.5961538461538461 0.6574519230769231 0.18990384615384615 0.2692307692307692
1 0.9603365384615384 0.46153846153846156 0.07451923076923077 0.15865384615384615
1 0.9867788461538461 0.49038461538461536 0.021634615384615384 0.13942307692307693
1 0.8762019230769231 0.38100961538461536 0.09134615384615384 0.13942307692307693
1 0.7980769230769231 0.3629807692307692 0.06971153846153846 0.09375
1 0.1658653846153846 0.43028846153846156 0.1346153846153846 0.17307692307692307
1 0.3293269230769231 0.5036057692307693 0.14903846153846154 0.18509615384615385
1 0.36778846153846156 0.4014423076923077 0.09615384615384616 0.13701923076923078
1 0.5877403846153846 0.4951923076923077 0.12980769230769232 0.1778846153846154
1 0.5817307692307693 0.42788461538461536 0.11057692307692307 0.13942307692307693
3 0.21634615384615385 0.7331730769230769 0.2620192307692308 0.4951923076923077
3 0.5528846153846154 0.3329326923076923 0.10817307692307693 0.22596153846153846
3 0.41586538461538464 0.3293269230769231 0.09134615384615384 0.16346153846153846