1 0.27163461538461536 0.8665865384615384 0.2764423076923077 0.24519230769230768
1 0.0985576923076923 0.6454326923076923 0.1971153846153846 0.15144230769230768
1 0.21634615384615385 0.5697115384615384 0.12259615384615384 0.07932692307692307
1 0.25 0.53125 0.10576923076923077 0.055288461538461536
1 0.29447115384615385 0.5024038461538461 0.08413461538461539 0.04567307692307692
1 0.33653846153846156 0.7211538461538461 0.18509615384615385 0.13221153846153846
1 0.35216346153846156 0.6358173076923077 0.15144230769230768 0.0985576923076923
1 0.3762019230769231 0.5673076923076923 0.11298076923076923 0.06971153846153846
1 0.41586538461538464 0.5504807692307693 0.09375 0.052884615384615384
1 0.7487980769230769 0.9074519230769231 0.31971153846153844 0.18028846153846154
1 0.6069711538461539 0.7367788461538461 0.12980769230769232 0.12259615384615384
1 0.6129807692307693 0.6370192307692307 0.15144230769230768 0.10336538461538461
0 0.5685096153846154 0.5637019230769231 0.14423076923076922 0.13221153846153846