1 0.18990384615384615 0.8882211538461539 0.27884615384615385 0.18269230769230768
1 0.22956730769230768 0.7331730769230769 0.23076923076923078 0.30528846153846156
1 0.2956730769230769 0.5408653846153846 0.15144230769230768 0.18509615384615385
1 0.3473557692307692 0.4483173076923077 0.17548076923076922 0.24278846153846154
1 0.4014423076923077 0.2776442307692308 0.10096153846153846 0.14182692307692307
1 0.42908653846153844 0.25721153846153844 0.07932692307692307 0.12740384615384615
1 0.055288461538461536 0.22716346153846154 0.06971153846153846 0.16826923076923078
1 0.13581730769230768 0.19591346153846154 0.08413461538461539 0.11057692307692307
1 0.18389423076923078 0.1935096153846154 0.05048076923076923 0.09134615384615384
1 0.6165865384615384 0.7980769230769231 0.24278846153846154 0.2932692307692308
1 0.6983173076923077 0.9086538461538461 0.2860576923076923 0.1778846153846154
1 0.5997596153846154 0.375 0.10817307692307693 0.16346153846153846
1 0.5877403846153846 0.296875 0.09615384615384616 0.12740384615384615
1 0.7620192307692307 0.3485576923076923 0.125 0.14903846153846154
3 0.6682692307692307 0.5348557692307693 0.22596153846153846 0.43509615384615385
3 0.4519230769230769 0.20552884615384615 0.10096153846153846 0.20192307692307693