1 0.9435096153846154 0.8052884615384616 0.10817307692307693 0.2644230769230769
1 0.8377403846153846 0.6189903846153846 0.18269230769230768 0.13221153846153846
1 0.7307692307692307 0.5588942307692307 0.10576923076923077 0.0673076923076923
1 0.7103365384615384 0.5264423076923077 0.09615384615384616 0.04807692307692308
1 0.703125 0.8617788461538461 0.2764423076923077 0.25721153846153844
1 0.6382211538461539 0.7163461538461539 0.18028846153846154 0.13942307692307693
1 0.6177884615384616 0.6322115384615384 0.13701923076923078 0.0889423076923077
1 0.5961538461538461 0.5769230769230769 0.10817307692307693 0.07211538461538461
1 0.5588942307692307 0.5564903846153846 0.0889423076923077 0.055288461538461536
1 0.3737980769230769 0.6430288461538461 0.1346153846153846 0.10817307692307693
1 0.36658653846153844 0.7367788461538461 0.17067307692307693 0.12740384615384615
1 0.27403846153846156 0.8918269230769231 0.28846153846153844 0.21153846153846154
2 0.5144230769230769 0.8713942307692307 0.09375 0.14903846153846154
2 0.5036057692307693 0.6418269230769231 0.052884615384615384 0.07692307692307693
0 0.41225961538461536 0.5709134615384616 0.12980769230769232 0.12740384615384615