1 0.9387019230769231 0.6382211538461539 0.11057692307692307 0.14423076923076922
1 0.8822115384615384 0.46033653846153844 0.10336538461538461 0.13221153846153846
1 0.5877403846153846 0.35096153846153844 0.08653846153846154 0.13942307692307693
1 0.5036057692307693 0.36899038461538464 0.08173076923076923 0.13221153846153846
1 0.23918269230769232 0.5853365384615384 0.2692307692307692 0.21875
1 0.051682692307692304 0.5024038461538461 0.10336538461538461 0.19230769230769232
1 0.8329326923076923 0.7560096153846154 0.2668269230769231 0.2283653846153846
2 0.9411057692307693 0.9146634615384616 0.08413461538461539 0.1658653846153846
2 0.6502403846153846 0.890625 0.12740384615384615 0.19230769230769232
2 0.5961538461538461 0.7463942307692307 0.12980769230769232 0.18028846153846154
2 0.2692307692307692 0.9110576923076923 0.13701923076923078 0.15384615384615385
2 0.3004807692307692 0.8137019230769231 0.13942307692307693 0.17067307692307693
2 0.28966346153846156 0.6887019230769231 0.14182692307692307 0.14423076923076922
2 0.4387019230769231 0.6009615384615384 0.1201923076923077 0.13221153846153846
2 0.038461538461538464 0.8870192307692307 0.07692307692307693 0.1778846153846154
0 0.203125 0.35336538461538464 0.40625 0.38221153846153844