1 0.41225961538461536 0.8786057692307693 0.28125 0.23798076923076922
1 0.8461538461538461 0.8257211538461539 0.27884615384615385 0.21634615384615385
1 0.7151442307692307 0.6838942307692307 0.16826923076923078 0.11778846153846154
1 0.6862980769230769 0.5961538461538461 0.1466346153846154 0.10817307692307693
1 0.4423076923076923 0.7235576923076923 0.16105769230769232 0.12259615384615384
1 0.4387019230769231 0.6382211538461539 0.13221153846153846 0.08173076923076923
1 0.44591346153846156 0.5745192307692307 0.10336538461538461 0.0625
1 0.4855769230769231 0.5444711538461539 0.07932692307692307 0.04567307692307692
1 0.13701923076923078 0.8173076923076923 0.23557692307692307 0.21153846153846154
1 0.23197115384615385 0.6634615384615384 0.16105769230769232 0.11778846153846154
1 0.3112980769230769 0.5889423076923077 0.10336538461538461 0.06490384615384616
1 0.34615384615384615 0.5444711538461539 0.08413461538461539 0.05048076923076923
1 0.38100961538461536 0.5036057692307693 0.06490384615384616 0.038461538461538464
0 0.6274038461538461 0.5300480769230769 0.12740384615384615 0.10817307692307693
0 0.5588942307692307 0.45913461538461536 0.0625 0.04807692307692308