1 0.3004807692307692 0.8810096153846154 0.28846153846153844 0.2283653846153846
1 0.10216346153846154 0.6766826923076923 0.20432692307692307 0.1658653846153846
1 0.22235576923076922 0.5829326923076923 0.1346153846153846 0.08173076923076923
1 0.25240384615384615 0.5360576923076923 0.11298076923076923 0.052884615384615384
1 0.3016826923076923 0.5024038461538461 0.08653846153846154 0.04807692307692308
1 0.3629807692307692 0.7367788461538461 0.18509615384615385 0.13701923076923078
1 0.3786057692307692 0.6370192307692307 0.13701923076923078 0.0889423076923077
1 0.37259615384615385 0.5697115384615384 0.0625 0.0673076923076923
1 0.43149038461538464 0.5456730769230769 0.04567307692307692 0.04807692307692308
1 0.8161057692307693 0.9170673076923077 0.31971153846153844 0.16105769230769232
1 0.6790865384615384 0.7427884615384616 0.1971153846153846 0.1346153846153846
1 0.6502403846153846 0.6310096153846154 0.12740384615384615 0.11538461538461539
0 0.6045673076923077 0.5540865384615384 0.15144230769230768 0.13221153846153846