1 0.3762019230769231 0.8149038461538461 0.11778846153846154 0.1875
1 0.33774038461538464 0.6778846153846154 0.08173076923076923 0.14423076923076922
1 0.4483173076923077 0.5372596153846154 0.08653846153846154 0.15625
1 0.4879807692307692 0.6670673076923077 0.10336538461538461 0.15865384615384615
1 0.5072115384615384 0.7536057692307693 0.11538461538461539 0.1778846153846154
1 0.41225961538461536 0.41947115384615385 0.052884615384615384 0.11778846153846154
1 0.4423076923076923 0.3629807692307692 0.040865384615384616 0.07932692307692307
1 0.30288461538461536 0.16706730769230768 0.036057692307692304 0.0673076923076923
1 0.3641826923076923 0.21033653846153846 0.040865384615384616 0.07451923076923077
1 0.5829326923076923 0.44471153846153844 0.06971153846153846 0.12259615384615384
1 0.6286057692307693 0.5841346153846154 0.09134615384615384 0.14423076923076922
1 0.7512019230769231 0.6057692307692307 0.10336538461538461 0.18509615384615385
1 0.8942307692307693 0.9026442307692307 0.12980769230769232 0.18990384615384615
1 0.6947115384615384 0.7319711538461539 0.10096153846153846 0.18990384615384615
2 0.21995192307692307 0.8701923076923077 0.06009615384615385 0.1875
1 0.38221153846153844 0.9314903846153846 0.06490384615384616 0.11298076923076923
1 0.29447115384615385 0.5240384615384616 0.04567307692307692 0.125
1 0.2644230769230769 0.23557692307692307 0.021634615384615384 0.06971153846153846
1 0.5120192307692307 0.265625 0.028846153846153848 0.07932692307692307
1 0.6334134615384616 0.3641826923076923 0.03365384615384615 0.09375
1 0.8305288461538461 0.6129807692307693 0.05048076923076923 0.15144230769230768
1 0.90625 0.7487980769230769 0.04567307692307692 0.1201923076923077
1 0.3088942307692308 0.29086538461538464 0.04326923076923077 0.07211538461538461