1 0.14903846153846154 0.6899038461538461 0.18509615384615385 0.13942307692307693
1 0.2692307692307692 0.5997596153846154 0.10576923076923077 0.06490384615384616
1 0.29927884615384615 0.5637019230769231 0.10096153846153846 0.05048076923076923
1 0.34134615384615385 0.5276442307692307 0.07932692307692307 0.038461538461538464
1 0.34615384615384615 0.8786057692307693 0.25961538461538464 0.23076923076923078
1 0.3954326923076923 0.7307692307692307 0.16346153846153846 0.1201923076923077
1 0.40865384615384615 0.6466346153846154 0.12740384615384615 0.07451923076923077
1 0.42908653846153844 0.5817307692307693 0.11298076923076923 0.057692307692307696
1 0.4639423076923077 0.5649038461538461 0.0625 0.04326923076923077
1 0.8088942307692307 0.9026442307692307 0.30528846153846156 0.18990384615384615
1 0.6802884615384616 0.7379807692307693 0.17067307692307693 0.11538461538461539
1 0.6454326923076923 0.6322115384615384 0.13701923076923078 0.09615384615384616
0 0.6141826923076923 0.5673076923076923 0.14182692307692307 0.11778846153846154