1 0.8858173076923077 0.8978365384615384 0.1658653846153846 0.19951923076923078
1 0.8197115384615384 0.7247596153846154 0.15865384615384615 0.1201923076923077
1 0.7283653846153846 0.6514423076923077 0.12259615384615384 0.06490384615384616
1 0.7079326923076923 0.609375 0.0985576923076923 0.052884615384615384
1 0.6670673076923077 0.5673076923076923 0.08413461538461539 0.04326923076923077
1 0.6225961538461539 0.9146634615384616 0.2932692307692308 0.1658653846153846
1 0.5949519230769231 0.7932692307692307 0.1778846153846154 0.13221153846153846
1 0.5889423076923077 0.703125 0.13701923076923078 0.09375
1 0.578125 0.6322115384615384 0.10817307692307693 0.07692307692307693
1 0.5444711538461539 0.6021634615384616 0.09134615384615384 0.057692307692307696
1 0.3329326923076923 0.6442307692307693 0.15144230769230768 0.11538461538461539
1 0.3004807692307692 0.7415865384615384 0.18509615384615385 0.13221153846153846
1 0.16346153846153846 0.875 0.3004807692307692 0.2091346153846154
2 0.3798076923076923 0.9423076923076923 0.11778846153846154 0.10576923076923077
2 0.4579326923076923 0.7524038461538461 0.06971153846153846 0.0985576923076923
2 0.47596153846153844 0.640625 0.04567307692307692 0.055288461538461536
2 0.4807692307692308 0.5853365384615384 0.040865384615384616 0.04567307692307692
0 0.38461538461538464 0.5829326923076923 0.1466346153846154 0.1346153846153846