1 0.5528846153846154 0.6045673076923077 0.3605769230769231 0.3557692307692308
1 0.7836538461538461 0.421875 0.1875 0.41586538461538464
1 0.8822115384615384 0.23677884615384615 0.15384615384615385 0.36538461538461536
1 0.8581730769230769 0.09615384615384616 0.13942307692307693 0.19230769230769232
1 0.5144230769230769 0.36177884615384615 0.1658653846153846 0.1875
1 0.23798076923076922 0.5444711538461539 0.24759615384615385 0.34615384615384615
1 0.14182692307692307 0.8605769230769231 0.25 0.27403846153846156
2 0.9074519230769231 0.8293269230769231 0.18028846153846154 0.28846153846153844
2 0.7848557692307693 0.6947115384615384 0.19471153846153846 0.31009615384615385
2 0.5709134615384616 0.7091346153846154 0.13942307692307693 0.32211538461538464
2 0.27403846153846156 0.6971153846153846 0.08653846153846154 0.33653846153846156
2 0.32211538461538464 0.828125 0.10336538461538461 0.2860576923076923
0 0.6346153846153846 0.203125 0.2980769230769231 0.40625