1 0.8557692307692307 0.7740384615384616 0.22355769230769232 0.16346153846153846
1 0.7379807692307693 0.6574519230769231 0.13942307692307693 0.08413461538461539
1 0.7091346153846154 0.6057692307692307 0.10576923076923077 0.06009615384615385
1 0.6634615384615384 0.5564903846153846 0.08653846153846154 0.052884615384615384
1 0.5997596153846154 0.8990384615384616 0.30528846153846156 0.1971153846153846
1 0.5757211538461539 0.7692307692307693 0.1971153846153846 0.14182692307692307
1 0.5721153846153846 0.6730769230769231 0.15865384615384615 0.10096153846153846
1 0.5649038461538461 0.6081730769230769 0.13221153846153846 0.08413461538461539
1 0.5300480769230769 0.5721153846153846 0.0889423076923077 0.055288461538461536
1 0.1346153846153846 0.8689903846153846 0.2692307692307692 0.2091346153846154
1 0.2620192307692308 0.734375 0.19471153846153846 0.14423076923076922
1 0.3161057692307692 0.6201923076923077 0.15625 0.12740384615384615
0 0.3762019230769231 0.5480769230769231 0.15384615384615385 0.1346153846153846