1 0.4026442307692308 0.7836538461538461 0.19951923076923078 0.2644230769230769
1 0.3605769230769231 0.6382211538461539 0.15865384615384615 0.21875
1 0.3629807692307692 0.515625 0.15144230769230768 0.18269230769230768
1 0.4230769230769231 0.48677884615384615 0.10336538461538461 0.16346153846153846
1 0.44711538461538464 0.3389423076923077 0.05048076923076923 0.10817307692307693
1 0.2956730769230769 0.33052884615384615 0.055288461538461536 0.09615384615384616
1 0.7079326923076923 0.6947115384615384 0.18028846153846154 0.2403846153846154
1 0.6598557692307693 0.5949519230769231 0.15384615384615385 0.21394230769230768
1 0.6478365384615384 0.5036057692307693 0.1466346153846154 0.14423076923076922
1 0.6538461538461539 0.43990384615384615 0.13942307692307693 0.12259615384615384
1 0.6153846153846154 0.3581730769230769 0.10336538461538461 0.15384615384615385
1 0.9627403846153846 0.32572115384615385 0.06009615384615385 0.1201923076923077
1 0.9242788461538461 0.3088942307692308 0.07932692307692307 0.11298076923076923
1 0.8834134615384616 0.2920673076923077 0.0673076923076923 0.11298076923076923
1 0.8401442307692307 0.2800480769230769 0.057692307692307696 0.09615384615384616
3 0.3737980769230769 0.3329326923076923 0.1201923076923077 0.19230769230769232
3 0.5528846153846154 0.26322115384615385 0.06971153846153846 0.15625
3 0.4543269230769231 0.2956730769230769 0.0625 0.10576923076923077