1 0.18629807692307693 0.9146634615384616 0.27403846153846156 0.1466346153846154
1 0.6370192307692307 0.9314903846153846 0.25 0.13221153846153846
1 0.5637019230769231 0.71875 0.21153846153846154 0.27163461538461536
1 0.6129807692307693 0.5841346153846154 0.16346153846153846 0.21875
1 0.6105769230769231 0.4651442307692308 0.15625 0.19471153846153846
1 0.5504807692307693 0.43149038461538464 0.11298076923076923 0.16826923076923078
1 0.5348557692307693 0.28725961538461536 0.05048076923076923 0.11298076923076923
1 0.6875 0.28365384615384615 0.055288461538461536 0.10336538461538461
1 0.2620192307692308 0.6262019230769231 0.18509615384615385 0.2403846153846154
1 0.3088942307692308 0.5384615384615384 0.16346153846153846 0.22596153846153846
1 0.31971153846153844 0.4266826923076923 0.15384615384615385 0.10817307692307693
1 0.31009615384615385 0.38221153846153844 0.12980769230769232 0.11778846153846154
1 0.3581730769230769 0.30649038461538464 0.11057692307692307 0.15865384615384615
1 0.03365384615384615 0.25961538461538464 0.04326923076923077 0.12259615384615384
1 0.057692307692307696 0.23677884615384615 0.07692307692307693 0.12740384615384615
1 0.11298076923076923 0.2283653846153846 0.07211538461538461 0.10817307692307693
3 0.6081730769230769 0.2776442307692308 0.12259615384615384 0.20432692307692307
3 0.4230769230769231 0.20552884615384615 0.07211538461538461 0.15384615384615385
3 0.5264423076923077 0.24158653846153846 0.06490384615384616 0.10817307692307693