1 0.3485576923076923 0.7692307692307693 0.20432692307692307 0.2644230769230769
1 0.328125 0.6237980769230769 0.16105769230769232 0.21634615384615385
1 0.34615384615384615 0.5060096153846154 0.15384615384615385 0.18269230769230768
1 0.4098557692307692 0.4855769230769231 0.10576923076923077 0.16346153846153846
1 0.4519230769230769 0.34615384615384615 0.052884615384615384 0.10817307692307693
1 0.3076923076923077 0.3173076923076923 0.057692307692307696 0.09375
1 0.6538461538461539 0.7247596153846154 0.18269230769230768 0.2403846153846154
1 0.6225961538461539 0.6225961538461539 0.15625 0.21394230769230768
1 0.6237980769230769 0.53125 0.1466346153846154 0.14423076923076922
1 0.6358173076923077 0.4723557692307692 0.13942307692307693 0.125
1 0.6117788461538461 0.3870192307692308 0.10576923076923077 0.15144230769230768
1 0.9831730769230769 0.46033653846153844 0.028846153846153848 0.13701923076923078
1 0.9591346153846154 0.40384615384615385 0.07692307692307693 0.1201923076923077
1 0.9158653846153846 0.38221153846153844 0.08173076923076923 0.11298076923076923
1 0.8798076923076923 0.3605769230769231 0.06971153846153846 0.11298076923076923
1 0.8377403846153846 0.34375 0.06009615384615385 0.09615384615384616
3 0.38221153846153844 0.3317307692307692 0.12259615384615384 0.18990384615384615
3 0.5637019230769231 0.28846153846153844 0.07211538461538461 0.15384615384615385
3 0.4651442307692308 0.30528846153846156 0.06490384615384616 0.10336538461538461