1 0.7139423076923077 0.9038461538461539 0.27403846153846156 0.1875
1 0.22596153846153846 0.8701923076923077 0.2764423076923077 0.21634615384615385
1 0.6754807692307693 0.6899038461538461 0.18028846153846154 0.22596153846153846
1 0.6346153846153846 0.5564903846153846 0.20432692307692307 0.28125
1 0.9567307692307693 0.33774038461538464 0.08173076923076923 0.17067307692307693
1 0.8858173076923077 0.3004807692307692 0.08653846153846154 0.11298076923076923
1 0.22355769230769232 0.31490384615384615 0.14182692307692307 0.1778846153846154
1 0.3858173076923077 0.39783653846153844 0.13221153846153846 0.19230769230769232
1 0.42427884615384615 0.3076923076923077 0.11057692307692307 0.1466346153846154
1 0.6430288461538461 0.4014423076923077 0.13221153846153846 0.17307692307692307
1 0.6382211538461539 0.3425480769230769 0.12259615384615384 0.15625
1 0.6117788461538461 0.31009615384615385 0.09615384615384616 0.13942307692307693
3 0.2536057692307692 0.5985576923076923 0.2764423076923077 0.5384615384615384
3 0.6105769230769231 0.24158653846153846 0.1201923076923077 0.23076923076923078
3 0.4675480769230769 0.24158653846153846 0.09615384615384616 0.16105769230769232