1 0.07451923076923077 0.8245192307692307 0.14903846153846154 0.23557692307692307
1 0.31850961538461536 0.9014423076923077 0.2764423076923077 0.18509615384615385
1 0.7872596153846154 0.921875 0.31009615384615385 0.15144230769230768
1 0.16826923076923078 0.6682692307692307 0.17067307692307693 0.12259615384615384
1 0.2692307692307692 0.6069711538461539 0.10576923076923077 0.06971153846153846
1 0.30649038461538464 0.5685096153846154 0.08653846153846154 0.04807692307692308
1 0.3605769230769231 0.5360576923076923 0.07451923076923077 0.04326923076923077
1 0.375 0.7776442307692307 0.18509615384615385 0.13942307692307693
1 0.6778846153846154 0.7932692307692307 0.19471153846153846 0.13221153846153846
1 0.39663461538461536 0.6838942307692307 0.14903846153846154 0.09134615384615384
1 0.4206730769230769 0.6225961538461539 0.11538461538461539 0.07692307692307693
1 0.6622596153846154 0.6899038461538461 0.16346153846153846 0.11538461538461539
1 0.45913461538461536 0.59375 0.07692307692307693 0.04567307692307692
1 0.46875 0.5685096153846154 0.07211538461538461 0.03365384615384615
2 0.53125 0.7956730769230769 0.07692307692307693 0.10096153846153846
2 0.5168269230769231 0.6694711538461539 0.04807692307692308 0.06490384615384616
2 0.5228365384615384 0.6189903846153846 0.036057692307692304 0.04807692307692308
2 0.5240384615384616 0.5829326923076923 0.028846153846153848 0.040865384615384616
0 0.6129807692307693 0.609375 0.14903846153846154 0.125
0 0.5576923076923077 0.5228365384615384 0.08173076923076923 0.06490384615384616