1 0.6658653846153846 0.9206730769230769 0.24519230769230768 0.15384615384615385
1 0.6298076923076923 0.8425480769230769 0.23557692307692307 0.30288461538461536
1 0.6538461538461539 0.6706730769230769 0.18509615384615385 0.2091346153846154
1 0.9771634615384616 0.4855769230769231 0.040865384615384616 0.1778846153846154
1 0.9290865384615384 0.41225961538461536 0.09615384615384616 0.11538461538461539
1 0.8786057692307693 0.3798076923076923 0.06490384615384616 0.09375
1 0.8413461538461539 0.36538461538461536 0.057692307692307696 0.08413461538461539
1 0.6454326923076923 0.5817307692307693 0.12980769230769232 0.14903846153846154
1 0.6346153846153846 0.5012019230769231 0.14182692307692307 0.1971153846153846
1 0.6153846153846154 0.3641826923076923 0.07692307692307693 0.11538461538461539
1 0.6057692307692307 0.3425480769230769 0.0673076923076923 0.10096153846153846
1 0.26802884615384615 0.7512019230769231 0.23076923076923078 0.30288461538461536
1 0.34975961538461536 0.6490384615384616 0.18990384615384615 0.23557692307692307
1 0.4699519230769231 0.34375 0.07932692307692307 0.11057692307692307
1 0.31490384615384615 0.33653846153846156 0.0889423076923077 0.125
3 0.36538461538461536 0.46033653846153844 0.18990384615384615 0.32211538461538464
3 0.5985576923076923 0.30649038461538464 0.0889423076923077 0.18269230769230768