1 0.27403846153846156 0.7512019230769231 0.2283653846153846 0.28125
1 0.007211538461538462 0.3701923076923077 0.014423076923076924 0.12980769230769232
1 0.0733173076923077 0.31490384615384615 0.057692307692307696 0.0889423076923077
1 0.2764423076923077 0.5588942307692307 0.16346153846153846 0.2091346153846154
1 0.31850961538461536 0.5060096153846154 0.12980769230769232 0.1971153846153846
1 0.27524038461538464 0.42427884615384615 0.11778846153846154 0.09134615384615384
1 0.3161057692307692 0.33533653846153844 0.10576923076923077 0.15144230769230768
1 0.6670673076923077 0.8641826923076923 0.2692307692307692 0.2644230769230769
1 0.6189903846153846 0.7235576923076923 0.20432692307692307 0.25240384615384615
1 0.5396634615384616 0.5853365384615384 0.18028846153846154 0.23076923076923078
1 0.5757211538461539 0.5012019230769231 0.1466346153846154 0.19471153846153846
1 0.5420673076923077 0.40384615384615385 0.14182692307692307 0.13701923076923078
1 0.5036057692307693 0.39663461538461536 0.10817307692307693 0.15144230769230768
3 0.5288461538461539 0.27403846153846156 0.11778846153846154 0.20432692307692307
3 0.3473557692307692 0.2668269230769231 0.07451923076923077 0.15144230769230768