1 0.6514423076923077 0.6430288461538461 0.18028846153846154 0.22596153846153846
1 0.37740384615384615 0.7391826923076923 0.20432692307692307 0.2620192307692308
1 0.3245192307692308 0.6177884615384616 0.16105769230769232 0.20432692307692307
1 0.3245192307692308 0.5144230769230769 0.15144230769230768 0.1875
1 0.3798076923076923 0.4855769230769231 0.10817307692307693 0.16826923076923078
1 0.7223557692307693 0.9002403846153846 0.2548076923076923 0.18269230769230768
1 0.31971153846153844 0.921875 0.2403846153846154 0.15144230769230768
1 0.6081730769230769 0.5709134615384616 0.15625 0.2091346153846154
1 0.6009615384615384 0.4723557692307692 0.14423076923076922 0.10817307692307693
1 0.5985576923076923 0.421875 0.13221153846153846 0.10817307692307693
1 0.5540865384615384 0.3641826923076923 0.11057692307692307 0.14903846153846154
1 0.9579326923076923 0.3389423076923077 0.06490384615384616 0.13701923076923078
1 0.9086538461538461 0.3173076923076923 0.09134615384615384 0.125
1 0.859375 0.296875 0.08173076923076923 0.12980769230769232
1 0.8016826923076923 0.2824519230769231 0.07692307692307693 0.10576923076923077
3 0.3173076923076923 0.3473557692307692 0.125 0.20192307692307693
3 0.49399038461538464 0.2776442307692308 0.07451923076923077 0.14903846153846154
3 0.3954326923076923 0.3125 0.06490384615384616 0.10576923076923077