1 0.04567307692307692 0.44591346153846156 0.09134615384615384 0.0985576923076923
1 0.2283653846153846 0.48677884615384615 0.12259615384615384 0.10336538461538461
1 0.2548076923076923 0.3798076923076923 0.1346153846153846 0.09375
1 0.45552884615384615 0.3870192307692308 0.11057692307692307 0.09134615384615384
1 0.4951923076923077 0.5661057692307693 0.13701923076923078 0.10817307692307693
1 0.8016826923076923 0.6526442307692307 0.15625 0.13221153846153846
1 0.8774038461538461 0.40865384615384615 0.11778846153846154 0.09375
2 0.9783653846153846 0.7307692307692307 0.03365384615384615 0.0889423076923077
2 0.7427884615384616 0.6826923076923077 0.07932692307692307 0.09134615384615384
2 0.3954326923076923 0.6201923076923077 0.06490384615384616 0.0889423076923077
2 0.11298076923076923 0.5288461538461539 0.0625 0.07692307692307693
2 0.8966346153846154 0.5060096153846154 0.0673076923076923 0.07692307692307693