1 0.625 0.8822115384615384 0.2548076923076923 0.22596153846153846
1 0.19230769230769232 0.8521634615384616 0.2548076923076923 0.19951923076923078
1 0.8028846153846154 0.6802884615384616 0.17067307692307693 0.12259615384615384
1 0.5841346153846154 0.7319711538461539 0.15625 0.11538461538461539
1 0.3112980769230769 0.7067307692307693 0.16346153846153846 0.10817307692307693
1 0.7115384615384616 0.5985576923076923 0.10096153846153846 0.057692307692307696
1 0.6838942307692307 0.5600961538461539 0.08653846153846154 0.040865384615384616
1 0.6514423076923077 0.5348557692307693 0.07692307692307693 0.04326923076923077
1 0.5793269230769231 0.6430288461538461 0.13221153846153846 0.0673076923076923
1 0.34134615384615385 0.6105769230769231 0.12980769230769232 0.09375
1 0.5625 0.5865384615384616 0.09615384615384616 0.057692307692307696
1 0.5324519230769231 0.5600961538461539 0.08653846153846154 0.040865384615384616
2 0.43509615384615385 0.7644230769230769 0.0673076923076923 0.10336538461538461
0 0.38341346153846156 0.5504807692307693 0.1346153846153846 0.11298076923076923