1 0.7439903846153846 0.9122596153846154 0.3701923076923077 0.16826923076923078
1 0.5625 0.9627403846153846 0.40865384615384615 0.06971153846153846
1 0.47716346153846156 0.8028846153846154 0.2403846153846154 0.18990384615384615
1 0.3317307692307692 0.8641826923076923 0.28846153846153844 0.18269230769230768
1 0.6358173076923077 0.7403846153846154 0.17067307692307693 0.17548076923076922
1 0.6165865384615384 0.5901442307692307 0.21634615384615385 0.1346153846153846
1 0.9194711538461539 0.46274038461538464 0.15625 0.07451923076923077
1 0.38341346153846156 0.6694711538461539 0.15144230769230768 0.1466346153846154
1 0.056490384615384616 0.6742788461538461 0.0985576923076923 0.13942307692307693
1 0.6706730769230769 0.4050480769230769 0.22115384615384615 0.0673076923076923
1 0.5192307692307693 0.17548076923076922 0.09615384615384616 0.038461538461538464
2 0.8173076923076923 0.8257211538461539 0.15625 0.09615384615384616