1 0.8461538461538461 0.9050480769230769 0.19230769230769232 0.14182692307692307
1 0.6574519230769231 0.8786057692307693 0.1658653846153846 0.21634615384615385
1 0.53125 0.9579326923076923 0.1971153846153846 0.07932692307692307
1 0.234375 0.8846153846153846 0.18028846153846154 0.18509615384615385
1 0.421875 0.9014423076923077 0.18028846153846154 0.17307692307692307
1 0.4891826923076923 0.5985576923076923 0.11538461538461539 0.15865384615384615
1 0.31971153846153844 0.7560096153846154 0.15144230769230768 0.17067307692307693
1 0.34975961538461536 0.6574519230769231 0.13942307692307693 0.16346153846153846
1 0.23197115384615385 0.5492788461538461 0.10817307692307693 0.12980769230769232
1 0.24759615384615385 0.4651442307692308 0.08413461538461539 0.10336538461538461
1 0.3401442307692308 0.5288461538461539 0.08653846153846154 0.11778846153846154
1 0.5408653846153846 0.5588942307692307 0.10817307692307693 0.14903846153846154
1 0.6694711538461539 0.5396634615384616 0.11778846153846154 0.13942307692307693
1 0.6742788461538461 0.6382211538461539 0.11778846153846154 0.16346153846153846
1 0.4699519230769231 0.8064903846153846 0.13942307692307693 0.19951923076923078
1 0.6790865384615384 0.2692307692307692 0.06490384615384616 0.08173076923076923
1 0.7668269230769231 0.31009615384615385 0.055288461538461536 0.0673076923076923
1 0.8137019230769231 0.36778846153846156 0.07451923076923077 0.09375
1 0.875 0.41586538461538464 0.09134615384615384 0.10336538461538461
1 0.9399038461538461 0.4579326923076923 0.09375 0.12259615384615384
1 0.8846153846153846 0.32211538461538464 0.07211538461538461 0.07932692307692307
1 0.9735576923076923 0.5625 0.04807692307692308 0.13942307692307693
2 0.45072115384615385 0.49038461538461536 0.04326923076923077 0.0985576923076923
2 0.4495192307692308 0.3485576923076923 0.028846153846153848 0.09134615384615384
2 0.5625 0.35697115384615385 0.03125 0.08653846153846154
0 0.11658653846153846 0.44471153846153844 0.17067307692307693 0.24519230769230768
0 0.2608173076923077 0.35697115384615385 0.11298076923076923 0.18990384615384615
3 0.08173076923076923 0.7235576923076923 0.15384615384615385 0.3245192307692308
3 0.3641826923076923 0.328125 0.10336538461538461 0.19230769230769232