1 0.08774038461538461 0.84375 0.17548076923076922 0.2403846153846154
1 0.20072115384615385 0.6538461538461539 0.16105769230769232 0.10336538461538461
1 0.29086538461538464 0.5877403846153846 0.10096153846153846 0.055288461538461536
1 0.3088942307692308 0.5540865384615384 0.09134615384615384 0.036057692307692304
1 0.3605769230769231 0.8786057692307693 0.24759615384615385 0.21634615384615385
1 0.4050480769230769 0.7283653846153846 0.17548076923076922 0.11057692307692307
1 0.41346153846153844 0.640625 0.13221153846153846 0.0673076923076923
1 0.4254807692307692 0.5829326923076923 0.09134615384615384 0.055288461538461536
1 0.4651442307692308 0.5600961538461539 0.07692307692307693 0.040865384615384616
1 0.7920673076923077 0.8617788461538461 0.25961538461538464 0.19230769230769232
1 0.6850961538461539 0.7127403846153846 0.15865384615384615 0.09615384615384616
1 0.6598557692307693 0.6225961538461539 0.12740384615384615 0.09134615384615384
2 0.5661057692307693 0.9026442307692307 0.11298076923076923 0.15384615384615385
2 0.5240384615384616 0.6514423076923077 0.052884615384615384 0.07211538461538461
2 0.5216346153846154 0.5769230769230769 0.03365384615384615 0.04807692307692308
0 0.609375 0.5576923076923077 0.12740384615384615 0.11538461538461539