1 0.27163461538461536 0.8954326923076923 0.31971153846153844 0.19230769230769232
1 0.09134615384615384 0.6971153846153846 0.18269230769230768 0.17307692307692307
1 0.1935096153846154 0.6129807692307693 0.1346153846153846 0.0889423076923077
1 0.23317307692307693 0.5673076923076923 0.11538461538461539 0.06009615384615385
1 0.296875 0.5216346153846154 0.08653846153846154 0.05048076923076923
1 0.3233173076923077 0.5060096153846154 0.052884615384615384 0.036057692307692304
1 0.33533653846153844 0.7692307692307693 0.21153846153846154 0.15384615384615385
1 0.36177884615384615 0.6574519230769231 0.1466346153846154 0.10096153846153846
1 0.3894230769230769 0.5877403846153846 0.11538461538461539 0.07451923076923077
1 0.42788461538461536 0.5673076923076923 0.0889423076923077 0.055288461538461536
1 0.7824519230769231 0.9242788461538461 0.3485576923076923 0.1466346153846154
1 0.6586538461538461 0.7848557692307693 0.20192307692307693 0.15144230769230768
1 0.6334134615384616 0.6658653846153846 0.15144230769230768 0.125
0 0.5841346153846154 0.5769230769230769 0.15625 0.1346153846153846