1 0.36899038461538464 0.8870192307692307 0.29086538461538464 0.22115384615384615
1 0.8317307692307693 0.8389423076923077 0.3125 0.24278846153846154
1 0.6754807692307693 0.6947115384615384 0.15865384615384615 0.12740384615384615
1 0.6478365384615384 0.5961538461538461 0.14423076923076922 0.11298076923076923
1 0.13942307692307693 0.7127403846153846 0.1875 0.14182692307692307
1 0.24278846153846154 0.6177884615384616 0.10817307692307693 0.06971153846153846
1 0.26802884615384615 0.5745192307692307 0.09375 0.057692307692307696
1 0.30288461538461536 0.5420673076923077 0.08173076923076923 0.04567307692307692
1 0.39302884615384615 0.7451923076923077 0.1875 0.14182692307692307
1 0.38461538461538464 0.6550480769230769 0.13942307692307693 0.09134615384615384
1 0.40024038461538464 0.5829326923076923 0.11057692307692307 0.06971153846153846
1 0.42908653846153844 0.5600961538461539 0.08413461538461539 0.052884615384615384
2 0.5793269230769231 0.8569711538461539 0.09375 0.15384615384615385
0 0.5793269230769231 0.5372596153846154 0.1466346153846154 0.1346153846153846