1 0.6947115384615384 0.7223557692307693 0.15384615384615385 0.18990384615384615
1 0.9242788461538461 0.3329326923076923 0.07932692307692307 0.1346153846153846
1 0.9639423076923077 0.35336538461538464 0.06490384615384616 0.12980769230769232
1 0.8293269230769231 0.2800480769230769 0.06971153846153846 0.11778846153846154
1 0.7620192307692307 0.2764423076923077 0.0625 0.07932692307692307
1 0.19471153846153846 0.4326923076923077 0.11778846153846154 0.17548076923076922
1 0.35697115384615385 0.4807692307692308 0.12259615384615384 0.1658653846153846
1 0.3762019230769231 0.3798076923076923 0.08173076923076923 0.12980769230769232
1 0.3894230769230769 0.3425480769230769 0.06971153846153846 0.09615384615384616
1 0.625 0.5889423076923077 0.16105769230769232 0.2403846153846154
1 0.5973557692307693 0.42908653846153844 0.11057692307692307 0.15384615384615385
1 0.578125 0.37259615384615385 0.0985576923076923 0.12980769230769232
3 0.5456730769230769 0.28725961538461536 0.07932692307692307 0.2091346153846154
3 0.41225961538461536 0.296875 0.07211538461538461 0.1466346153846154
3 0.2860576923076923 0.75 0.22596153846153846 0.4951923076923077