1 0.040865384615384616 0.42908653846153844 0.08173076923076923 0.10336538461538461
1 0.22355769230769232 0.4639423076923077 0.12740384615384615 0.10576923076923077
1 0.24759615384615385 0.35216346153846156 0.13942307692307693 0.0985576923076923
1 0.4543269230769231 0.35336538461538464 0.11298076923076923 0.09615384615384616
1 0.5036057692307693 0.5360576923076923 0.14182692307692307 0.11298076923076923
1 0.8221153846153846 0.6129807692307693 0.16105769230769232 0.13701923076923078
1 0.8918269230769231 0.359375 0.1201923076923077 0.0985576923076923
2 0.7620192307692307 0.6466346153846154 0.08173076923076923 0.09615384615384616
2 0.4014423076923077 0.59375 0.06490384615384616 0.09134615384615384
2 0.10576923076923077 0.5108173076923077 0.06490384615384616 0.07932692307692307
2 0.9134615384615384 0.4579326923076923 0.06971153846153846 0.07932692307692307