1 0.18269230769230768 0.5985576923076923 0.20192307692307693 0.14903846153846154
1 0.3137019230769231 0.5276442307692307 0.12740384615384615 0.07932692307692307
1 0.33774038461538464 0.49038461538461536 0.10096153846153846 0.05048076923076923
1 0.38341346153846156 0.4699519230769231 0.0889423076923077 0.05048076923076923
1 0.34375 0.8569711538461539 0.3269230769230769 0.28125
1 0.8149038461538461 0.890625 0.2932692307692308 0.21394230769230768
1 0.41586538461538464 0.6995192307692307 0.19471153846153846 0.14423076923076922
1 0.4411057692307692 0.6069711538461539 0.14903846153846154 0.0985576923076923
1 0.46634615384615385 0.5420673076923077 0.12740384615384615 0.07932692307692307
1 0.5060096153846154 0.5264423076923077 0.08653846153846154 0.057692307692307696
1 0.7211538461538461 0.7283653846153846 0.18269230769230768 0.13701923076923078
1 0.703125 0.6165865384615384 0.14903846153846154 0.12259615384615384
2 0.5697115384615384 0.7019230769230769 0.08653846153846154 0.11298076923076923
0 0.6706730769230769 0.5420673076923077 0.15865384615384615 0.15144230769230768