1 0.7944711538461539 0.8677884615384616 0.18509615384615385 0.2403846153846154
1 0.7379807692307693 0.6826923076923077 0.18990384615384615 0.2860576923076923
1 0.734375 0.5612980769230769 0.1658653846153846 0.12980769230769232
1 0.734375 0.48197115384615385 0.13942307692307693 0.08173076923076923
1 0.7079326923076923 0.4639423076923077 0.12740384615384615 0.16346153846153846
1 0.6947115384615384 0.40024038461538464 0.11298076923076923 0.1466346153846154
1 0.6947115384615384 0.3389423076923077 0.10336538461538461 0.07692307692307693
1 0.9495192307692307 0.2932692307692308 0.07692307692307693 0.125
1 0.8882211538461539 0.29086538461538464 0.05048076923076923 0.06971153846153846
1 0.38221153846153844 0.6153846153846154 0.16105769230769232 0.21634615384615385
1 0.42427884615384615 0.5204326923076923 0.14182692307692307 0.19951923076923078
1 0.22956730769230768 0.4567307692307692 0.14182692307692307 0.19951923076923078
1 0.45072115384615385 0.390625 0.10096153846153846 0.14423076923076922
1 0.47475961538461536 0.3449519230769231 0.07932692307692307 0.1201923076923077
3 0.31971153846153844 0.7956730769230769 0.2548076923076923 0.40384615384615385
3 0.6586538461538461 0.2932692307692308 0.10576923076923077 0.24278846153846154
3 0.5084134615384616 0.28846153846153844 0.08173076923076923 0.16346153846153846