1 0.6935096153846154 0.7055288461538461 0.21394230769230768 0.2692307692307692
1 0.38822115384615385 0.8389423076923077 0.2403846153846154 0.3004807692307692
1 0.3293269230769231 0.6766826923076923 0.18990384615384615 0.2403846153846154
1 0.3112980769230769 0.5456730769230769 0.15865384615384615 0.19230769230769232
1 0.36778846153846156 0.5048076923076923 0.12980769230769232 0.17548076923076922
1 0.38100961538461536 0.3449519230769231 0.06009615384615385 0.11538461538461539
1 0.234375 0.35697115384615385 0.0625 0.0985576923076923
1 0.9399038461538461 0.3088942307692308 0.0889423076923077 0.14903846153846154
1 0.8870192307692307 0.265625 0.09375 0.1201923076923077
1 0.8353365384615384 0.2608173076923077 0.08413461538461539 0.11057692307692307
1 0.8016826923076923 0.24759615384615385 0.07692307692307693 0.1201923076923077
1 0.7560096153846154 0.24519230769230768 0.057692307692307696 0.0985576923076923
1 0.6346153846153846 0.5949519230769231 0.18028846153846154 0.24278846153846154
1 0.6057692307692307 0.5168269230769231 0.17067307692307693 0.18990384615384615
1 0.6045673076923077 0.4326923076923077 0.13701923076923078 0.13942307692307693
1 0.5588942307692307 0.35697115384615385 0.12259615384615384 0.17307692307692307
3 0.3076923076923077 0.35697115384615385 0.13942307692307693 0.21875
3 0.48197115384615385 0.25240384615384615 0.08653846153846154 0.16105769230769232
3 0.3858173076923077 0.296875 0.06971153846153846 0.125