1 0.171875 0.7067307692307693 0.19951923076923078 0.1466346153846154
1 0.27283653846153844 0.609375 0.11538461538461539 0.07211538461538461
1 0.3004807692307692 0.5673076923076923 0.07932692307692307 0.04807692307692308
1 0.34134615384615385 0.53125 0.07932692307692307 0.04567307692307692
1 0.6754807692307693 0.5973557692307693 0.1466346153846154 0.10817307692307693
1 0.703125 0.6911057692307693 0.15865384615384615 0.1201923076923077
1 0.8521634615384616 0.8641826923076923 0.29086538461538464 0.23798076923076922
1 0.47115384615384615 0.5504807692307693 0.07451923076923077 0.04567307692307692
1 0.4338942307692308 0.5793269230769231 0.09134615384615384 0.06490384615384616
1 0.421875 0.6418269230769231 0.12980769230769232 0.07932692307692307
1 0.42427884615384615 0.7271634615384616 0.1778846153846154 0.125
1 0.39783653846153844 0.8822115384615384 0.2860576923076923 0.23076923076923078
0 0.6117788461538461 0.5324519230769231 0.14423076923076922 0.12259615384615384