1 0.2704326923076923 0.8677884615384616 0.28125 0.25961538461538464
1 0.32211538461538464 0.7536057692307693 0.23557692307692307 0.28125
1 0.16346153846153846 0.40024038461538464 0.11057692307692307 0.14423076923076922
1 0.34134615384615385 0.4110576923076923 0.08653846153846154 0.15625
1 0.33653846153846156 0.34975961538461536 0.09615384615384616 0.13221153846153846
1 0.7980769230769231 0.9302884615384616 0.27403846153846156 0.09375
1 0.7151442307692307 0.8389423076923077 0.2764423076923077 0.29086538461538464
1 0.6778846153846154 0.65625 0.22115384615384615 0.24759615384615385
1 0.6286057692307693 0.5552884615384616 0.16346153846153846 0.1875
1 0.5793269230769231 0.4675480769230769 0.18028846153846154 0.24519230769230768
1 0.5144230769230769 0.31850961538461536 0.09615384615384616 0.13942307692307693
1 0.9423076923076923 0.2860576923076923 0.08173076923076923 0.18990384615384615
1 0.8485576923076923 0.2403846153846154 0.10336538461538461 0.12259615384615384
1 0.7884615384615384 0.2247596153846154 0.07692307692307693 0.10096153846153846
1 0.7427884615384616 0.23076923076923078 0.06009615384615385 0.09375
3 0.2608173076923077 0.5408653846153846 0.25721153846153844 0.4110576923076923
3 0.46634615384615385 0.25600961538461536 0.11778846153846154 0.22596153846153846