1 0.9134615384615384 0.8846153846153846 0.12980769230769232 0.22596153846153846
1 0.8341346153846154 0.6778846153846154 0.19951923076923078 0.13701923076923078
1 0.734375 0.5853365384615384 0.11538461538461539 0.06971153846153846
1 0.71875 0.5444711538461539 0.10336538461538461 0.04807692307692308
1 0.6286057692307693 0.8834134615384616 0.3004807692307692 0.2283653846153846
1 0.59375 0.7331730769230769 0.19230769230769232 0.1466346153846154
1 0.5925480769230769 0.6370192307692307 0.14903846153846154 0.09134615384615384
1 0.5829326923076923 0.5697115384615384 0.11778846153846154 0.07451923076923077
1 0.546875 0.5396634615384616 0.09615384615384616 0.057692307692307696
1 0.3245192307692308 0.5877403846153846 0.14423076923076922 0.11298076923076923
1 0.29447115384615385 0.6875 0.18509615384615385 0.1346153846153846
1 0.15504807692307693 0.8401442307692307 0.31009615384615385 0.23798076923076922
2 0.4206730769230769 0.8689903846153846 0.0985576923076923 0.16346153846153846
2 0.4675480769230769 0.6177884615384616 0.055288461538461536 0.08413461538461539
0 0.38461538461538464 0.5192307692307693 0.13701923076923078 0.1346153846153846