1 0.07692307692307693 0.7163461538461539 0.15384615384615385 0.14903846153846154
1 0.1814903846153846 0.609375 0.13942307692307693 0.07211538461538461
1 0.21995192307692307 0.5576923076923077 0.10817307692307693 0.052884615384615384
1 0.27403846153846156 0.5108173076923077 0.08653846153846154 0.04567307692307692
1 0.296875 0.8954326923076923 0.3004807692307692 0.20432692307692307
1 0.3389423076923077 0.7475961538461539 0.19471153846153846 0.12980769230769232
1 0.3557692307692308 0.6466346153846154 0.15865384615384615 0.09134615384615384
1 0.3713942307692308 0.578125 0.1346153846153846 0.07451923076923077
1 0.41346153846153844 0.5456730769230769 0.09134615384615384 0.04807692307692308
1 0.8305288461538461 0.9110576923076923 0.33653846153846156 0.17548076923076922
1 0.6778846153846154 0.7524038461538461 0.19230769230769232 0.12980769230769232
1 0.6346153846153846 0.6237980769230769 0.15384615384615385 0.1201923076923077
0 0.5793269230769231 0.5396634615384616 0.14903846153846154 0.125