1 0.6694711538461539 0.9038461538461539 0.2764423076923077 0.1875
1 0.6009615384615384 0.6634615384615384 0.19471153846153846 0.25961538461538464
1 0.5528846153846154 0.5841346153846154 0.1778846153846154 0.24519230769230768
1 0.5492788461538461 0.47115384615384615 0.16826923076923078 0.11538461538461539
1 0.5492788461538461 0.41225961538461536 0.1466346153846154 0.10576923076923077
1 0.4951923076923077 0.35216346153846156 0.12980769230769232 0.18269230769230768
1 0.22235576923076922 0.9338942307692307 0.2620192307692308 0.12740384615384615
1 0.29086538461538464 0.7632211538461539 0.22596153846153846 0.2932692307692308
1 0.23317307692307693 0.6394230769230769 0.18509615384615385 0.23798076923076922
1 0.23076923076923078 0.5252403846153846 0.17548076923076922 0.20192307692307693
1 0.2932692307692308 0.49399038461538464 0.1346153846153846 0.19471153846153846
1 0.14423076923076922 0.35216346153846156 0.057692307692307696 0.11057692307692307
1 0.9375 0.3233173076923077 0.10336538461538461 0.15384615384615385
1 0.8786057692307693 0.2932692307692308 0.10096153846153846 0.15625
1 0.7992788461538461 0.2704326923076923 0.09375 0.12740384615384615
3 0.2247596153846154 0.33774038461538464 0.14182692307692307 0.23798076923076922
3 0.42788461538461536 0.25961538461538464 0.09134615384615384 0.17307692307692307
3 0.31490384615384615 0.3088942307692308 0.07932692307692307 0.12980769230769232