1 0.8701923076923077 0.890625 0.2548076923076923 0.16105769230769232
1 0.36778846153846156 0.9507211538461539 0.27403846153846156 0.09375
1 0.7752403846153846 0.6995192307692307 0.18269230769230768 0.23317307692307693
1 0.6947115384615384 0.578125 0.20673076923076922 0.2932692307692308
1 0.9495192307692307 0.2620192307692308 0.0673076923076923 0.17548076923076922
1 0.8762019230769231 0.24519230769230768 0.0889423076923077 0.11778846153846154
1 0.2091346153846154 0.4519230769230769 0.14423076923076922 0.18269230769230768
1 0.39663461538461536 0.4879807692307692 0.1346153846153846 0.20192307692307693
1 0.4110576923076923 0.3858173076923077 0.11057692307692307 0.15144230769230768
1 0.6598557692307693 0.4170673076923077 0.1346153846153846 0.1778846153846154
1 0.6370192307692307 0.359375 0.125 0.16105769230769232
1 0.6009615384615384 0.33413461538461536 0.0985576923076923 0.14423076923076922
3 0.32091346153846156 0.7235576923076923 0.2764423076923077 0.5480769230769231
3 0.5805288461538461 0.2644230769230769 0.1201923076923077 0.2403846153846154
3 0.43509615384615385 0.30528846153846156 0.0985576923076923 0.16826923076923078