1 0.21995192307692307 0.8653846153846154 0.23798076923076922 0.2403846153846154
1 0.2956730769230769 0.7283653846153846 0.20192307692307693 0.27884615384615385
1 0.34375 0.6237980769230769 0.1875 0.2548076923076923
1 0.34134615384615385 0.4987980769230769 0.15384615384615385 0.17548076923076922
1 0.3858173076923077 0.38461538461538464 0.12740384615384615 0.18990384615384615
1 0.4495192307692308 0.28725961538461536 0.0673076923076923 0.11057692307692307
1 0.6514423076923077 0.7980769230769231 0.20673076923076922 0.2644230769230769
1 0.6670673076923077 0.6177884615384616 0.18509615384615385 0.23798076923076922
1 0.6141826923076923 0.5528846153846154 0.13942307692307693 0.20192307692307693
1 0.5769230769230769 0.3329326923076923 0.06971153846153846 0.12259615384615384
1 0.7379807692307693 0.32091346153846156 0.057692307692307696 0.12259615384615384
1 0.04807692307692308 0.2956730769230769 0.07451923076923077 0.1346153846153846
1 0.0673076923076923 0.27283653846153844 0.07932692307692307 0.11538461538461539
1 0.12620192307692307 0.2536057692307692 0.0673076923076923 0.10336538461538461
1 0.16466346153846154 0.24639423076923078 0.06971153846153846 0.10096153846153846
1 0.21995192307692307 0.23918269230769232 0.04326923076923077 0.07451923076923077
3 0.6634615384615384 0.38461538461538464 0.17067307692307693 0.27163461538461536
3 0.4699519230769231 0.23918269230769232 0.0889423076923077 0.17307692307692307
3 0.5721153846153846 0.2704326923076923 0.07211538461538461 0.1201923076923077