1 0.08052884615384616 0.75 0.15384615384615385 0.1466346153846154
1 0.17908653846153846 0.6478365384615384 0.13701923076923078 0.07451923076923077
1 0.19951923076923078 0.6021634615384616 0.10817307692307693 0.04567307692307692
1 0.24759615384615385 0.5721153846153846 0.09615384615384616 0.04567307692307692
1 0.26802884615384615 0.9326923076923077 0.33413461538461536 0.12980769230769232
1 0.8125 0.9290865384615384 0.32211538461538464 0.13701923076923078
1 0.3245192307692308 0.8221153846153846 0.20432692307692307 0.13942307692307693
1 0.33533653846153844 0.7139423076923077 0.15865384615384615 0.09134615384615384
1 0.35216346153846156 0.6370192307692307 0.13701923076923078 0.07211538461538461
1 0.3954326923076923 0.6129807692307693 0.09134615384615384 0.055288461538461536
1 0.6706730769230769 0.8004807692307693 0.18990384615384615 0.13221153846153846
1 0.6310096153846154 0.6790865384615384 0.15625 0.1201923076923077
2 0.4963942307692308 0.796875 0.08413461538461539 0.1201923076923077
0 0.5817307692307693 0.6021634615384616 0.16346153846153846 0.15144230769230768