1 0.7608173076923077 0.8028846153846154 0.2403846153846154 0.30528846153846156
1 0.6862980769230769 0.6646634615384616 0.20192307692307693 0.2620192307692308
1 0.6466346153846154 0.5877403846153846 0.19230769230769232 0.24759615384615385
1 0.6478365384615384 0.47475961538461536 0.15384615384615385 0.1658653846153846
1 0.5961538461538461 0.38100961538461536 0.13701923076923078 0.1875
1 0.5276442307692307 0.29927884615384615 0.07451923076923077 0.1201923076923077
1 0.9591346153846154 0.31490384615384615 0.052884615384615384 0.14182692307692307
1 0.9387019230769231 0.28966346153846156 0.08173076923076923 0.13221153846153846
1 0.8858173076923077 0.2608173076923077 0.09375 0.1201923076923077
1 0.8389423076923077 0.25240384615384615 0.07932692307692307 0.11298076923076923
1 0.8137019230769231 0.24759615384615385 0.07451923076923077 0.11538461538461539
1 0.7764423076923077 0.24519230769230768 0.052884615384615384 0.09615384615384616
1 0.39903846153846156 0.8990384615384616 0.2548076923076923 0.1971153846153846
1 0.359375 0.7524038461538461 0.2091346153846154 0.2620192307692308
1 0.3389423076923077 0.5997596153846154 0.18509615384615385 0.21634615384615385
1 0.38822115384615385 0.546875 0.14423076923076922 0.19230769230769232
1 0.40865384615384615 0.36177884615384615 0.07692307692307693 0.1201923076923077
1 0.24759615384615385 0.3641826923076923 0.06009615384615385 0.10576923076923077
3 0.32572115384615385 0.3858173076923077 0.17067307692307693 0.24278846153846154
3 0.5072115384615384 0.25721153846153844 0.0889423076923077 0.17067307692307693
3 0.40865384615384615 0.3016826923076923 0.07932692307692307 0.12980769230769232