1 0.6526442307692307 0.8185096153846154 0.21153846153846154 0.27884615384615385
1 0.29447115384615385 0.8305288461538461 0.1971153846153846 0.27163461538461536
1 0.36899038461538464 0.6225961538461539 0.16346153846153846 0.22596153846153846
1 0.6237980769230769 0.5685096153846154 0.14423076923076922 0.19471153846153846
1 0.3269230769230769 0.5180288461538461 0.12980769230769232 0.1778846153846154
1 0.3401442307692308 0.43028846153846156 0.12980769230769232 0.15144230769230768
1 0.3894230769230769 0.4098557692307692 0.08653846153846154 0.14903846153846154
1 0.27884615384615385 0.28966346153846156 0.036057692307692304 0.08653846153846154
1 0.59375 0.5012019230769231 0.12980769230769232 0.19230769230769232
1 0.6117788461538461 0.3713942307692308 0.10576923076923077 0.09375
1 0.5697115384615384 0.31850961538461536 0.08653846153846154 0.13701923076923078
1 0.9603365384615384 0.34375 0.07451923076923077 0.125
1 0.9122596153846154 0.3125 0.07451923076923077 0.125
1 0.8413461538461539 0.28966346153846156 0.07211538461538461 0.1201923076923077
3 0.34615384615384615 0.2776442307692308 0.0985576923076923 0.19471153846153846
3 0.4206730769230769 0.26802884615384615 0.04807692307692308 0.09615384615384616
3 0.5204326923076923 0.2439903846153846 0.06009615384615385 0.14903846153846154