1 0.7548076923076923 0.9399038461538461 0.2548076923076923 0.10576923076923077
1 0.7295673076923077 0.8161057692307693 0.20192307692307693 0.27884615384615385
1 0.6802884615384616 0.6310096153846154 0.13221153846153846 0.16826923076923078
1 0.6358173076923077 0.5384615384615384 0.15384615384615385 0.22355769230769232
1 0.5961538461538461 0.3737980769230769 0.08653846153846154 0.13221153846153846
1 0.5721153846153846 0.35336538461538464 0.0673076923076923 0.11778846153846154
1 0.9471153846153846 0.3485576923076923 0.09615384615384616 0.16826923076923078
1 0.8533653846153846 0.3137019230769231 0.07451923076923077 0.10096153846153846
1 0.8076923076923077 0.3076923076923077 0.04326923076923077 0.08653846153846154
1 0.3581730769230769 0.8533653846153846 0.21394230769230768 0.2692307692307692
1 0.27163461538461536 0.9362980769230769 0.25961538461538464 0.12259615384615384
1 0.4014423076923077 0.453125 0.09375 0.14903846153846154
1 0.4182692307692308 0.3786057692307692 0.08413461538461539 0.11538461538461539
1 0.25 0.4170673076923077 0.10817307692307693 0.1346153846153846
3 0.3245192307692308 0.6009615384615384 0.18990384615384615 0.40384615384615385
3 0.5528846153846154 0.3016826923076923 0.08413461538461539 0.18990384615384615