1 0.27524038461538464 0.9266826923076923 0.33653846153846156 0.13221153846153846
1 0.09134615384615384 0.75 0.18269230769230768 0.1875
1 0.1935096153846154 0.6598557692307693 0.1466346153846154 0.0985576923076923
1 0.23677884615384615 0.6117788461538461 0.12740384615384615 0.0673076923076923
1 0.30649038461538464 0.5649038461538461 0.09375 0.057692307692307696
1 0.33413461538461536 0.546875 0.055288461538461536 0.038461538461538464
1 0.3425480769230769 0.8305288461538461 0.23076923076923078 0.17067307692307693
1 0.3737980769230769 0.7103365384615384 0.15865384615384615 0.11298076923076923
1 0.40384615384615385 0.6370192307692307 0.125 0.07932692307692307
1 0.44711538461538464 0.6165865384615384 0.09615384615384616 0.06009615384615385
1 0.7956730769230769 0.9615384615384616 0.30288461538461536 0.07211538461538461
1 0.6911057692307693 0.8545673076923077 0.22115384615384615 0.1658653846153846
1 0.6658653846153846 0.7259615384615384 0.16346153846153846 0.13942307692307693
0 0.6153846153846154 0.6286057692307693 0.17067307692307693 0.1466346153846154