1 0.6838942307692307 0.84375 0.25721153846153844 0.3076923076923077
1 0.7475961538461539 0.6911057692307693 0.20192307692307693 0.2620192307692308
1 0.7608173076923077 0.5528846153846154 0.18990384615384615 0.22115384615384615
1 0.6947115384615384 0.515625 0.1346153846153846 0.19471153846153846
1 0.6862980769230769 0.34615384615384615 0.06971153846153846 0.12740384615384615
1 0.8569711538461539 0.35336538461538464 0.07211538461538461 0.11298076923076923
1 0.35096153846153844 0.7151442307692307 0.23076923076923078 0.28846153846153844
1 0.41586538461538464 0.6081730769230769 0.1971153846153846 0.25721153846153844
1 0.43990384615384615 0.5048076923076923 0.18028846153846154 0.1778846153846154
1 0.4423076923076923 0.43509615384615385 0.17067307692307693 0.15384615384615385
1 0.4951923076923077 0.34615384615384615 0.13221153846153846 0.18269230769230768
1 0.04447115384615385 0.32211538461538464 0.0673076923076923 0.16105769230769232
1 0.09134615384615384 0.265625 0.11057692307692307 0.14182692307692307
1 0.15264423076923078 0.2548076923076923 0.10096153846153846 0.1346153846153846
1 0.20072115384615385 0.2403846153846154 0.0889423076923077 0.1346153846153846
1 0.2512019230769231 0.23317307692307693 0.07692307692307693 0.11538461538461539
3 0.7704326923076923 0.3485576923076923 0.15625 0.2283653846153846
3 0.5769230769230769 0.24759615384615385 0.09375 0.18269230769230768
3 0.6826923076923077 0.2956730769230769 0.08173076923076923 0.125