1 0.04567307692307692 0.8461538461538461 0.0673076923076923 0.25240384615384615
1 0.08533653846153846 0.640625 0.16105769230769232 0.1201923076923077
1 0.18389423076923078 0.5673076923076923 0.12740384615384615 0.0625
1 0.20673076923076922 0.5240384615384616 0.10096153846153846 0.052884615384615384
1 0.25240384615384615 0.48197115384615385 0.08653846153846154 0.040865384615384616
1 0.28365384615384615 0.8846153846153846 0.3076923076923077 0.22596153846153846
1 0.3173076923076923 0.7247596153846154 0.18269230769230768 0.13221153846153846
1 0.328125 0.6298076923076923 0.13942307692307693 0.09134615384615384
1 0.3425480769230769 0.5564903846153846 0.10817307692307693 0.07451923076923077
1 0.3798076923076923 0.5264423076923077 0.09615384615384616 0.055288461538461536
1 0.6021634615384616 0.5829326923076923 0.15384615384615385 0.11538461538461539
1 0.6310096153846154 0.6862980769230769 0.18990384615384615 0.12980769230769232
1 0.7680288461538461 0.8521634615384616 0.31009615384615385 0.23557692307692307
2 0.5372596153846154 0.9194711538461539 0.12740384615384615 0.15625
2 0.46274038461538464 0.6911057692307693 0.06971153846153846 0.10096153846153846
2 0.45072115384615385 0.5697115384615384 0.04567307692307692 0.055288461538461536
2 0.4495192307692308 0.5108173076923077 0.040865384615384616 0.04567307692307692
0 0.5504807692307693 0.515625 0.15144230769230768 0.1346153846153846