1 0.5709134615384616 0.8894230769230769 0.2764423076923077 0.21634615384615385
1 0.7884615384615384 0.7295673076923077 0.18269230769230768 0.13701923076923078
1 0.6935096153846154 0.6358173076923077 0.10576923076923077 0.06971153846153846
1 0.6670673076923077 0.5925480769230769 0.09375 0.04807692307692308
1 0.6394230769230769 0.5612980769230769 0.07451923076923077 0.04567307692307692
1 0.5552884615384616 0.75 0.17548076923076922 0.12980769230769232
1 0.5540865384615384 0.6634615384615384 0.13942307692307693 0.08653846153846154
1 0.546875 0.5997596153846154 0.10576923076923077 0.0673076923076923
1 0.515625 0.5757211538461539 0.07692307692307693 0.05048076923076923
1 0.14302884615384615 0.8449519230769231 0.2860576923076923 0.23798076923076922
1 0.2776442307692308 0.6959134615384616 0.17067307692307693 0.125
1 0.3137019230769231 0.6069711538461539 0.13701923076923078 0.11057692307692307
2 0.3233173076923077 0.9338942307692307 0.11057692307692307 0.10336538461538461
0 0.37740384615384615 0.5516826923076923 0.12980769230769232 0.125