1 0.2668269230769231 0.8125 0.34615384615384615 0.36538461538461536
1 0.17668269230769232 0.6983173076923077 0.22355769230769232 0.25240384615384615
1 0.36658653846153844 0.6598557692307693 0.21875 0.22596153846153846
1 0.6225961538461539 0.7439903846153846 0.2980769230769231 0.20673076923076922
1 0.625 0.8930288461538461 0.5096153846153846 0.2091346153846154
1 0.8641826923076923 0.7956730769230769 0.2668269230769231 0.40384615384615385
1 0.7992788461538461 0.625 0.29086538461538464 0.16826923076923078
1 0.051682692307692304 0.49759615384615385 0.10336538461538461 0.125
2 0.036057692307692304 0.6538461538461539 0.07211538461538461 0.2932692307692308
2 0.41586538461538464 0.6850961538461539 0.0889423076923077 0.23798076923076922
2 0.5168269230769231 0.6141826923076923 0.0673076923076923 0.17548076923076922
3 0.37740384615384615 0.43509615384615385 0.12259615384615384 0.12740384615384615
0 0.8605769230769231 0.5264423076923077 0.27403846153846156 0.3317307692307692