1 0.09134615384615384 0.7091346153846154 0.16105769230769232 0.16105769230769232
1 0.16947115384615385 0.6009615384615384 0.12980769230769232 0.08173076923076923
1 0.20192307692307693 0.5540865384615384 0.09134615384615384 0.052884615384615384
1 0.24639423076923078 0.5132211538461539 0.0889423076923077 0.05048076923076923
1 0.6225961538461539 0.5877403846153846 0.16346153846153846 0.1201923076923077
1 0.6550480769230769 0.6923076923076923 0.1778846153846154 0.1346153846153846
1 0.8269230769230769 0.8701923076923077 0.34134615384615385 0.23076923076923078
1 0.39302884615384615 0.5360576923076923 0.08173076923076923 0.05048076923076923
1 0.34975961538461536 0.5673076923076923 0.10336538461538461 0.07211538461538461
1 0.33774038461538464 0.6370192307692307 0.14423076923076922 0.0889423076923077
1 0.34134615384615385 0.734375 0.19951923076923078 0.14182692307692307
1 0.3112980769230769 0.8882211538461539 0.31971153846153844 0.21875
0 0.5504807692307693 0.5144230769230769 0.16105769230769232 0.13701923076923078