1 0.7247596153846154 0.8942307692307693 0.23798076923076922 0.20673076923076922
1 0.3004807692307692 0.7836538461538461 0.23076923076923078 0.34134615384615385
1 0.3293269230769231 0.625 0.16826923076923078 0.18509615384615385
1 0.39783653846153844 0.5180288461538461 0.15384615384615385 0.19230769230769232
1 0.3581730769230769 0.45913461538461536 0.11538461538461539 0.16105769230769232
1 0.40024038461538464 0.3798076923076923 0.1201923076923077 0.12740384615384615
1 0.44711538461538464 0.38461538461538464 0.05048076923076923 0.13221153846153846
1 0.3401442307692308 0.30288461538461536 0.055288461538461536 0.08173076923076923
1 0.640625 0.8689903846153846 0.18990384615384615 0.25721153846153844
1 0.6201923076923077 0.6502403846153846 0.18269230769230768 0.23076923076923078
1 0.625 0.5012019230769231 0.13701923076923078 0.14903846153846154
1 0.5853365384615384 0.4699519230769231 0.10817307692307693 0.17067307692307693
1 0.6237980769230769 0.4026442307692308 0.11057692307692307 0.08413461538461539
1 0.6237980769230769 0.3581730769230769 0.10576923076923077 0.07451923076923077
1 0.5925480769230769 0.3317307692307692 0.08413461538461539 0.125
1 0.9867788461538461 0.45072115384615385 0.021634615384615384 0.16105769230769232
1 0.9459134615384616 0.39663461538461536 0.10336538461538461 0.12740384615384615
1 0.8317307692307693 0.3317307692307692 0.06009615384615385 0.10096153846153846
3 0.40865384615384615 0.27163461538461536 0.0985576923076923 0.16105769230769232
3 0.5637019230769231 0.28365384615384615 0.0673076923076923 0.14182692307692307