1 0.8942307692307693 0.9038461538461539 0.20673076923076922 0.13942307692307693
1 0.42788461538461536 0.8617788461538461 0.25961538461538464 0.27163461538461536
1 0.43149038461538464 0.7391826923076923 0.18990384615384615 0.2091346153846154
1 0.4855769230769231 0.6069711538461539 0.17548076923076922 0.21634615384615385
1 0.42788461538461536 0.5504807692307693 0.13221153846153846 0.18269230769230768
1 0.4579326923076923 0.45552884615384615 0.1346153846153846 0.14182692307692307
1 0.5096153846153846 0.45072115384615385 0.06009615384615385 0.14903846153846154
1 0.3737980769230769 0.38341346153846156 0.06490384615384616 0.09375
1 0.8197115384615384 0.8858173076923077 0.20192307692307693 0.18028846153846154
1 0.7560096153846154 0.7043269230769231 0.2091346153846154 0.25961538461538464
1 0.7307692307692307 0.5396634615384616 0.15384615384615385 0.16826923076923078
1 0.6802884615384616 0.5132211538461539 0.125 0.19230769230769232
1 0.7067307692307693 0.4326923076923077 0.125 0.09615384615384616
1 0.6971153846153846 0.38341346153846156 0.1201923076923077 0.08413461538461539
1 0.6586538461538461 0.3629807692307692 0.09615384615384616 0.13942307692307693
1 0.9194711538461539 0.31009615384615385 0.06971153846153846 0.11298076923076923
3 0.44350961538461536 0.33413461538461536 0.11298076923076923 0.18028846153846154
3 0.6153846153846154 0.31490384615384615 0.07692307692307693 0.15865384615384615