0 0.4026442307692308 0.9254807692307693 0.1971153846153846 0.14182692307692307
0 0.6802884615384616 0.9447115384615384 0.1875 0.10576923076923077
0 0.6899038461538461 0.8737980769230769 0.14423076923076922 0.18028846153846154
0 0.9266826923076923 0.8329326923076923 0.10817307692307693 0.22115384615384615
0 0.4963942307692308 0.8185096153846154 0.1346153846153846 0.2548076923076923
0 0.3401442307692308 0.7704326923076923 0.15625 0.1971153846153846
0 0.6466346153846154 0.7644230769230769 0.16826923076923078 0.24759615384615385
0 0.40024038461538464 0.6923076923076923 0.16346153846153846 0.16826923076923078
0 0.20793269230769232 0.8581730769230769 0.17067307692307693 0.20673076923076922
0 0.2091346153846154 0.6983173076923077 0.17067307692307693 0.16826923076923078
0 0.3870192307692308 0.5180288461538461 0.10336538461538461 0.16346153846153846
0 0.40384615384615385 0.36538461538461536 0.08653846153846154 0.11298076923076923
0 0.4879807692307692 0.28966346153846156 0.09375 0.0985576923076923
0 0.33774038461538464 0.23317307692307693 0.07451923076923077 0.08653846153846154
0 0.45072115384615385 0.18629807692307693 0.057692307692307696 0.07211538461538461
0 0.3641826923076923 0.17908653846153846 0.06490384615384616 0.057692307692307696
0 0.5889423076923077 0.5540865384615384 0.28365384615384615 0.36538461538461536
0 0.8545673076923077 0.5721153846153846 0.19471153846153846 0.34615384615384615