1 0.7163461538461539 0.859375 0.2860576923076923 0.25240384615384615
1 0.8725961538461539 0.625 0.18990384615384615 0.1466346153846154
1 0.75 0.5637019230769231 0.11057692307692307 0.07451923076923077
1 0.7103365384615384 0.5300480769230769 0.09615384615384616 0.052884615384615384
1 0.6742788461538461 0.5072115384615384 0.07692307692307693 0.05048076923076923
1 0.6526442307692307 0.71875 0.18269230769230768 0.13942307692307693
1 0.6225961538461539 0.6346153846153846 0.1466346153846154 0.09134615384615384
1 0.5961538461538461 0.5757211538461539 0.10817307692307693 0.07211538461538461
1 0.5588942307692307 0.5612980769230769 0.07932692307692307 0.052884615384615384
1 0.2776442307692308 0.9074519230769231 0.30528846153846156 0.18028846153846154
1 0.3641826923076923 0.7536057692307693 0.1778846153846154 0.13221153846153846
1 0.3713942307692308 0.65625 0.14423076923076922 0.11778846153846154
2 0.484375 0.9567307692307693 0.11778846153846154 0.08173076923076923
0 0.4170673076923077 0.5817307692307693 0.13701923076923078 0.13221153846153846