1 0.14543269230769232 0.9699519230769231 0.16105769230769232 0.055288461538461536
1 0.34615384615384615 0.9555288461538461 0.14903846153846154 0.08413461538461539
1 0.5012019230769231 0.9182692307692307 0.14182692307692307 0.15865384615384615
1 0.6490384615384616 0.9026442307692307 0.15384615384615385 0.17307692307692307
1 0.11778846153846154 0.7632211538461539 0.11778846153846154 0.1346153846153846
1 0.20432692307692307 0.8341346153846154 0.1346153846153846 0.16346153846153846
1 0.25240384615384615 0.7199519230769231 0.11538461538461539 0.12740384615384615
1 0.33533653846153844 0.7764423076923077 0.12259615384615384 0.12740384615384615
1 0.37259615384615385 0.6754807692307693 0.10336538461538461 0.11298076923076923
1 0.234375 0.6454326923076923 0.08173076923076923 0.09134615384615384
1 0.10096153846153846 0.6574519230769231 0.10336538461538461 0.11778846153846154
1 0.10216346153846154 0.5793269230769231 0.07692307692307693 0.09134615384615384
1 0.23918269230769232 0.5973557692307693 0.08413461538461539 0.09134615384615384
1 0.3605769230769231 0.5901442307692307 0.0985576923076923 0.11057692307692307
1 0.18389423076923078 0.5336538461538461 0.07932692307692307 0.08413461538461539
1 0.48677884615384615 0.7403846153846154 0.0985576923076923 0.1346153846153846
1 0.46153846153846156 0.8509615384615384 0.12259615384615384 0.1658653846153846
1 0.6490384615384616 0.7235576923076923 0.10096153846153846 0.1658653846153846
1 0.6225961538461539 0.6502403846153846 0.09375 0.14903846153846154
1 0.48677884615384615 0.6658653846153846 0.0985576923076923 0.1346153846153846
1 0.49038461538461536 0.5961538461538461 0.09134615384615384 0.10817307692307693
1 0.41466346153846156 0.5132211538461539 0.06971153846153846 0.09615384615384616
1 0.5108173076923077 0.5444711538461539 0.07692307692307693 0.10096153846153846
1 0.34375 0.5060096153846154 0.057692307692307696 0.06971153846153846
1 0.2668269230769231 0.5637019230769231 0.0673076923076923 0.09375
1 0.21394230769230768 0.4543269230769231 0.07211538461538461 0.08413461538461539
1 0.2548076923076923 0.42908653846153844 0.055288461538461536 0.0625
1 0.30528846153846156 0.43028846153846156 0.06490384615384616 0.07932692307692307
1 0.3233173076923077 0.375 0.038461538461538464 0.052884615384615384
1 0.43028846153846156 0.35216346153846156 0.036057692307692304 0.055288461538461536
1 0.9375 0.8064903846153846 0.1201923076923077 0.22355769230769232
1 0.9423076923076923 0.7175480769230769 0.11057692307692307 0.18028846153846154
1 0.9158653846153846 0.6129807692307693 0.11778846153846154 0.11298076923076923
1 0.9459134615384616 0.578125 0.10336538461538461 0.15144230769230768
1 0.7367788461538461 0.49759615384615385 0.0625 0.10576923076923077
1 0.6959134615384616 0.44471153846153844 0.06971153846153846 0.0889423076923077
1 0.6454326923076923 0.3004807692307692 0.04567307692307692 0.0673076923076923
1 0.7067307692307693 0.39783653846153844 0.052884615384615384 0.08653846153846154
1 0.8317307692307693 0.4423076923076923 0.07211538461538461 0.10336538461538461
1 0.8233173076923077 0.5769230769230769 0.10336538461538461 0.13701923076923078
1 0.9411057692307693 0.5048076923076923 0.08653846153846154 0.09134615384615384
1 0.7980769230769231 0.35096153846153844 0.06971153846153846 0.06009615384615385
2 0.25240384615384615 0.9314903846153846 0.0625 0.13221153846153846
2 0.8617788461538461 0.7548076923076923 0.057692307692307696 0.15384615384615385
2 0.1346153846153846 0.890625 0.057692307692307696 0.11778846153846154
2 0.5180288461538461 0.41586538461538464 0.028846153846153848 0.07692307692307693
2 0.5420673076923077 0.41346153846153844 0.028846153846153848 0.07211538461538461
2 0.4375 0.4387019230769231 0.03125 0.07692307692307693
0 0.31009615384615385 0.3233173076923077 0.08653846153846154 0.10576923076923077
0 0.375 0.19831730769230768 0.040865384615384616 0.05048076923076923
0 0.8485576923076923 0.29086538461538464 0.125 0.1466346153846154