1 0.4543269230769231 0.8545673076923077 0.11538461538461539 0.18028846153846154
1 0.3798076923076923 0.7403846153846154 0.07932692307692307 0.13942307692307693
1 0.4411057692307692 0.5829326923076923 0.08413461538461539 0.14903846153846154
1 0.5144230769230769 0.6887019230769231 0.10096153846153846 0.15144230769230768
1 0.5552884615384616 0.7632211538461539 0.11298076923076923 0.17067307692307693
1 0.375 0.4855769230769231 0.052884615384615384 0.11298076923076923
1 0.3870192307692308 0.4266826923076923 0.040865384615384616 0.07451923076923077
1 0.20552884615384615 0.28725961538461536 0.03365384615384615 0.0625
1 0.27524038461538464 0.3076923076923077 0.040865384615384616 0.07211538461538461
1 0.5384615384615384 0.46153846153846156 0.0673076923076923 0.11778846153846154
1 0.6189903846153846 0.5733173076923077 0.0889423076923077 0.13701923076923078
1 0.7355769230769231 0.5600961538461539 0.10096153846153846 0.1778846153846154
1 0.9435096153846154 0.8004807692307693 0.10817307692307693 0.20673076923076922
1 0.71875 0.6911057692307693 0.0985576923076923 0.18028846153846154
2 0.32572115384615385 0.9278846153846154 0.06009615384615385 0.13942307692307693
1 0.49158653846153844 0.9495192307692307 0.06490384615384616 0.09615384615384616
1 0.296875 0.6141826923076923 0.04567307692307692 0.11778846153846154
1 0.18870192307692307 0.3581730769230769 0.02403846153846154 0.0673076923076923
1 0.4230769230769231 0.3173076923076923 0.028846153846153848 0.07451923076923077
1 0.5612980769230769 0.375 0.03365384615384615 0.0889423076923077
1 0.8100961538461539 0.5444711538461539 0.05048076923076923 0.14423076923076922
1 0.9182692307692307 0.6478365384615384 0.04326923076923077 0.11298076923076923
1 0.24639423076923078 0.39783653846153844 0.04326923076923077 0.06971153846153846