1 0.07692307692307693 0.4963942307692308 0.15384615384615385 0.15625
1 0.16346153846153846 0.42788461538461536 0.1346153846153846 0.09134615384615384
1 0.1971153846153846 0.3918269230769231 0.10817307692307693 0.0625
1 0.24879807692307693 0.36177884615384615 0.07692307692307693 0.06009615384615385
1 0.18629807692307693 0.7932692307692307 0.34615384615384615 0.3076923076923077
1 0.2608173076923077 0.6213942307692307 0.21153846153846154 0.17307692307692307
1 0.2920673076923077 0.5240384615384616 0.1658653846153846 0.11298076923076923
1 0.3269230769230769 0.4519230769230769 0.12740384615384615 0.07932692307692307
1 0.3701923076923077 0.43149038461538464 0.09615384615384616 0.06490384615384616
1 0.6947115384615384 0.8581730769230769 0.3485576923076923 0.27884615384615385
1 0.5961538461538461 0.6574519230769231 0.20192307692307693 0.16105769230769232
1 0.5853365384615384 0.5432692307692307 0.16826923076923078 0.13942307692307693
2 0.41586538461538464 0.7127403846153846 0.12259615384615384 0.15384615384615385
2 0.42908653846153844 0.5204326923076923 0.057692307692307696 0.08413461538461539
2 0.4375 0.4483173076923077 0.040865384615384616 0.057692307692307696
0 0.5456730769230769 0.4579326923076923 0.17548076923076922 0.15625