1 0.8918269230769231 0.9134615384615384 0.12980769230769232 0.16826923076923078
1 0.8245192307692307 0.7920673076923077 0.13701923076923078 0.09375
1 0.7944711538461539 0.7415865384615384 0.12740384615384615 0.07451923076923077
1 0.7524038461538461 0.6899038461538461 0.10096153846153846 0.055288461538461536
1 0.6430288461538461 0.9194711538461539 0.21394230769230768 0.15625
1 0.6454326923076923 0.8185096153846154 0.16346153846153846 0.10817307692307693
1 0.6358173076923077 0.7355769230769231 0.14423076923076922 0.08413461538461539
1 0.5961538461538461 0.7079326923076923 0.08173076923076923 0.0625
1 0.296875 0.8725961538461539 0.22115384615384615 0.16346153846153846
1 0.3629807692307692 0.7512019230769231 0.18028846153846154 0.1346153846153846
0 0.41466346153846156 0.6790865384615384 0.18509615384615385 0.16105769230769232