1 0.171875 0.8677884615384616 0.23798076923076922 0.25
1 0.6334134615384616 0.7836538461538461 0.22596153846153846 0.35096153846153844
1 0.6225961538461539 0.6141826923076923 0.16826923076923078 0.1875
1 0.5625 0.49158653846153844 0.15384615384615385 0.1971153846153846
1 0.6141826923076923 0.43509615384615385 0.11538461538461539 0.1658653846153846
1 0.578125 0.3473557692307692 0.1201923076923077 0.12740384615384615
1 0.5288461538461539 0.34615384615384615 0.04567307692307692 0.13942307692307693
1 0.6538461538461539 0.27283653846153844 0.055288461538461536 0.08413461538461539
1 0.26322115384615385 0.8449519230769231 0.18509615384615385 0.2932692307692308
1 0.3137019230769231 0.6021634615384616 0.18269230769230768 0.23557692307692307
1 0.328125 0.44471153846153844 0.13701923076923078 0.15144230769230768
1 0.37259615384615385 0.4170673076923077 0.10576923076923077 0.17548076923076922
1 0.3425480769230769 0.34134615384615385 0.11298076923076923 0.08413461538461539
1 0.3485576923076923 0.29447115384615385 0.10817307692307693 0.07451923076923077
1 0.38461538461538464 0.27283653846153844 0.08173076923076923 0.12740384615384615
1 0.03125 0.2956730769230769 0.052884615384615384 0.12980769230769232
1 0.13221153846153846 0.23918269230769232 0.06009615384615385 0.10336538461538461
3 0.5841346153846154 0.23076923076923078 0.09615384615384616 0.1658653846153846
3 0.4206730769230769 0.2247596153846154 0.06490384615384616 0.1466346153846154