1 0.6814903846153846 0.7079326923076923 0.2283653846153846 0.30528846153846156
1 0.27884615384615385 0.875 0.27884615384615385 0.24519230769230768
1 0.31490384615384615 0.7283653846153846 0.21153846153846154 0.28365384615384615
1 0.3798076923076923 0.5432692307692307 0.18028846153846154 0.23317307692307693
1 0.33533653846153844 0.4543269230769231 0.14423076923076922 0.19471153846153846
1 0.3557692307692308 0.35336538461538464 0.14423076923076922 0.15144230769230768
1 0.39903846153846156 0.3389423076923077 0.10096153846153846 0.15865384615384615
1 0.6550480769230769 0.4891826923076923 0.16346153846153846 0.21875
1 0.6117788461538461 0.42908653846153844 0.13221153846153846 0.2091346153846154
1 0.5865384615384616 0.2403846153846154 0.0985576923076923 0.14423076923076922
1 0.27884615384615385 0.23677884615384615 0.04567307692307692 0.10096153846153846
1 0.9807692307692307 0.26322115384615385 0.026442307692307692 0.15865384615384615
1 0.9314903846153846 0.22355769230769232 0.0985576923076923 0.12740384615384615
1 0.8149038461538461 0.18870192307692307 0.05048076923076923 0.0889423076923077
3 0.35336538461538464 0.21153846153846154 0.11057692307692307 0.20673076923076922
3 0.5396634615384616 0.16706730769230768 0.06971153846153846 0.14903846153846154
3 0.42788461538461536 0.20793269230769232 0.06009615384615385 0.11538461538461539