1 0.33653846153846156 0.8894230769230769 0.2548076923076923 0.21634615384615385
1 0.39903846153846156 0.7884615384615384 0.21875 0.2644230769230769
1 0.43149038461538464 0.3798076923076923 0.09134615384615384 0.125
1 0.2668269230769231 0.4230769230769231 0.10817307692307693 0.15144230769230768
1 0.7764423076923077 0.8725961538461539 0.25721153846153844 0.21394230769230768
1 0.75 0.7271634615384616 0.2091346153846154 0.2620192307692308
1 0.7007211538461539 0.59375 0.14423076923076922 0.18028846153846154
1 0.6574519230769231 0.5120192307692307 0.1658653846153846 0.23557692307692307
1 0.6045673076923077 0.35697115384615385 0.0889423076923077 0.12740384615384615
1 0.5805288461538461 0.34134615384615385 0.07692307692307693 0.11778846153846154
1 0.9711538461538461 0.3401442307692308 0.04326923076923077 0.18028846153846154
1 0.9014423076923077 0.296875 0.09134615384615384 0.1201923076923077
1 0.8425480769230769 0.2860576923076923 0.055288461538461536 0.09134615384615384
1 0.8076923076923077 0.2776442307692308 0.057692307692307696 0.08173076923076923
3 0.3581730769230769 0.5673076923076923 0.20432692307692307 0.37740384615384615
3 0.5600961538461539 0.2956730769230769 0.09375 0.19471153846153846