1 0.9699519230769231 0.6105769230769231 0.055288461538461536 0.15384615384615385
1 0.921875 0.42788461538461536 0.11057692307692307 0.13942307692307693
1 0.6057692307692307 0.35336538461538464 0.09375 0.14423076923076922
1 0.5204326923076923 0.38461538461538464 0.08653846153846154 0.13701923076923078
1 0.2776442307692308 0.6394230769230769 0.28125 0.23076923076923078
1 0.06370192307692307 0.578125 0.12740384615384615 0.19951923076923078
1 0.8822115384615384 0.7439903846153846 0.23076923076923078 0.24759615384615385
2 0.7367788461538461 0.8918269230769231 0.1346153846153846 0.18509615384615385
2 0.6634615384615384 0.7596153846153846 0.13701923076923078 0.1875
2 0.3485576923076923 0.9435096153846154 0.14423076923076922 0.10817307692307693
2 0.3701923076923077 0.8653846153846154 0.1466346153846154 0.18028846153846154
2 0.34134615384615385 0.7391826923076923 0.14903846153846154 0.15144230769230768
2 0.484375 0.6298076923076923 0.125 0.13942307692307693
2 0.08774038461538461 0.9399038461538461 0.11778846153846154 0.11538461538461539
0 0.2127403846153846 0.4074519230769231 0.4254807692307692 0.40625