1 0.5853365384615384 0.7283653846153846 0.3004807692307692 0.4855769230769231
1 0.08173076923076923 0.5877403846153846 0.16346153846153846 0.37740384615384615
1 0.07692307692307693 0.3557692307692308 0.14182692307692307 0.12259615384615384
1 0.18028846153846154 0.3161057692307692 0.125 0.10336538461538461
1 0.30288461538461536 0.29086538461538464 0.09615384615384616 0.10336538461538461
1 0.43990384615384615 0.28725961538461536 0.11057692307692307 0.10336538461538461
1 0.6947115384615384 0.4651442307692308 0.17548076923076922 0.24278846153846154
1 0.6466346153846154 0.35096153846153844 0.12259615384615384 0.21153846153846154
1 0.7427884615384616 0.38461538461538464 0.125 0.19230769230769232
1 0.8329326923076923 0.38221153846153844 0.10817307692307693 0.19230769230769232
2 0.8052884615384616 0.5492788461538461 0.0889423076923077 0.30528846153846156
2 0.9254807692307693 0.4639423076923077 0.07211538461538461 0.23798076923076922
2 0.9711538461538461 0.4423076923076923 0.052884615384615384 0.23076923076923078