1 0.6490384615384616 0.9435096153846154 0.2692307692307692 0.10817307692307693
1 0.9711538461538461 0.46153846153846156 0.052884615384615384 0.17307692307692307
1 0.9074519230769231 0.4026442307692308 0.0985576923076923 0.11057692307692307
1 0.8617788461538461 0.3894230769230769 0.06009615384615385 0.0985576923076923
1 0.1814903846153846 0.8713942307692307 0.27163461538461536 0.19951923076923078
1 0.2848557692307692 0.7896634615384616 0.23076923076923078 0.27884615384615385
1 0.65625 0.8425480769230769 0.23076923076923078 0.3004807692307692
1 0.6478365384615384 0.6706730769230769 0.15625 0.19471153846153846
1 0.6274038461538461 0.5673076923076923 0.1778846153846154 0.23798076923076922
1 0.6165865384615384 0.39302884615384615 0.09615384615384616 0.13221153846153846
1 0.5973557692307693 0.375 0.0889423076923077 0.13221153846153846
1 0.2644230769230769 0.36778846153846156 0.125 0.1466346153846154
1 0.4026442307692308 0.4326923076923077 0.10336538461538461 0.15865384615384615
1 0.4362980769230769 0.37259615384615385 0.10096153846153846 0.14182692307692307
3 0.29927884615384615 0.5540865384615384 0.25961538461538464 0.4254807692307692
3 0.5913461538461539 0.32091346153846156 0.11057692307692307 0.2091346153846154