1 0.8533653846153846 0.9447115384615384 0.1875 0.10576923076923077
1 0.7752403846153846 0.8245192307692307 0.1875 0.1466346153846154
1 0.6754807692307693 0.7295673076923077 0.125 0.07692307692307693
1 0.6478365384615384 0.6814903846153846 0.11057692307692307 0.0673076923076923
1 0.6033653846153846 0.6310096153846154 0.09375 0.052884615384615384
1 0.5564903846153846 0.9603365384615384 0.2956730769230769 0.07451923076923077
1 0.5396634615384616 0.8822115384615384 0.1875 0.14182692307692307
1 0.5180288461538461 0.7788461538461539 0.16105769230769232 0.11057692307692307
1 0.5108173076923077 0.7055288461538461 0.1201923076923077 0.08413461538461539
1 0.47475961538461536 0.6682692307692307 0.09615384615384616 0.0673076923076923
1 0.10576923076923077 0.9026442307692307 0.21153846153846154 0.11778846153846154
1 0.18870192307692307 0.8149038461538461 0.20432692307692307 0.15384615384615385
1 0.23918269230769232 0.7127403846153846 0.16826923076923078 0.1346153846153846
2 0.3269230769230769 0.9302884615384616 0.09375 0.10576923076923077
2 0.38461538461538464 0.7716346153846154 0.06971153846153846 0.09375
2 0.40865384615384615 0.6862980769230769 0.04807692307692308 0.06009615384615385
2 0.4074519230769231 0.6382211538461539 0.04567307692307692 0.04567307692307692
0 0.3125 0.6370192307692307 0.17067307692307693 0.15384615384615385