1 0.1971153846153846 0.859375 0.2692307692307692 0.23798076923076922
1 0.2704326923076923 0.6045673076923077 0.1875 0.24519230769230768
1 0.3161057692307692 0.53125 0.17067307692307693 0.23317307692307693
1 0.32211538461538464 0.42427884615384615 0.15865384615384615 0.11057692307692307
1 0.3233173076923077 0.3701923076923077 0.13942307692307693 0.10096153846153846
1 0.3737980769230769 0.3137019230769231 0.12259615384615384 0.17307692307692307
1 0.6189903846153846 0.9002403846153846 0.25721153846153844 0.19471153846153846
1 0.5600961538461539 0.7043269230769231 0.21875 0.27884615384615385
1 0.6153846153846154 0.5877403846153846 0.1778846153846154 0.22596153846153846
1 0.6201923076923077 0.4807692307692308 0.16826923076923078 0.19230769230769232
1 0.5625 0.45072115384615385 0.12740384615384615 0.18269230769230768
1 0.7043269230769231 0.32091346153846156 0.055288461538461536 0.10336538461538461
1 0.040865384615384616 0.25600961538461536 0.04567307692307692 0.14423076923076922
1 0.0889423076923077 0.23317307692307693 0.0889423076923077 0.12259615384615384
3 0.6298076923076923 0.30528846153846156 0.13701923076923078 0.22596153846153846
3 0.4387019230769231 0.22716346153846154 0.0889423076923077 0.16346153846153846
3 0.5456730769230769 0.2764423076923077 0.07692307692307693 0.12259615384615384