1 0.5576923076923077 0.7920673076923077 0.3389423076923077 0.40384615384615385
1 0.6550480769230769 0.6754807692307693 0.21634615384615385 0.2403846153846154
1 0.49278846153846156 0.6153846153846154 0.2091346153846154 0.21875
1 0.25721153846153844 0.6538461538461539 0.28125 0.20673076923076922
1 0.23317307692307693 0.8329326923076923 0.46634615384615385 0.3245192307692308
1 0.08533653846153846 0.7199519230769231 0.17067307692307693 0.4735576923076923
1 0.12740384615384615 0.5276442307692307 0.2548076923076923 0.17548076923076922
1 0.8004807692307693 0.515625 0.10817307692307693 0.11778846153846154
2 0.7884615384615384 0.6550480769230769 0.0889423076923077 0.2644230769230769
2 0.44591346153846156 0.6298076923076923 0.09615384615384616 0.21634615384615385
2 0.36899038461538464 0.5540865384615384 0.07211538461538461 0.16105769230769232
3 0.5168269230769231 0.41586538461538464 0.11778846153846154 0.12259615384615384
0 0.10576923076923077 0.43028846153846156 0.21153846153846154 0.3076923076923077