1 0.9074519230769231 0.953125 0.17067307692307693 0.0889423076923077
1 0.6766826923076923 0.9495192307692307 0.16105769230769232 0.09615384615384616
1 0.49399038461538464 0.9158653846153846 0.14423076923076922 0.1658653846153846
1 0.31971153846153844 0.9110576923076923 0.15625 0.16826923076923078
1 0.9134615384615384 0.6935096153846154 0.125 0.14423076923076922
1 0.8221153846153846 0.7848557692307693 0.13942307692307693 0.17307692307692307
1 0.7548076923076923 0.6574519230769231 0.11778846153846154 0.13701923076923078
1 0.6646634615384616 0.734375 0.12740384615384615 0.13701923076923078
1 0.6105769230769231 0.6225961538461539 0.10817307692307693 0.1201923076923077
1 0.765625 0.5709134615384616 0.08413461538461539 0.0985576923076923
1 0.921875 0.5685096153846154 0.10576923076923077 0.12740384615384615
1 0.9098557692307693 0.47836538461538464 0.07932692307692307 0.0985576923076923
1 0.7536057692307693 0.5168269230769231 0.0889423076923077 0.09615384615384616
1 0.6141826923076923 0.5228365384615384 0.10336538461538461 0.11778846153846154
1 0.8100961538461539 0.43509615384615385 0.08413461538461539 0.09134615384615384
1 0.48677884615384615 0.7115384615384616 0.10096153846153846 0.1466346153846154
1 0.5288461538461539 0.8341346153846154 0.12259615384615384 0.18028846153846154
1 0.2980769230769231 0.7103365384615384 0.0985576923076923 0.18269230769230768
1 0.3173076923076923 0.6213942307692307 0.09134615384615384 0.1658653846153846
1 0.47716346153846156 0.625 0.10096153846153846 0.1466346153846154
1 0.4651442307692308 0.5456730769230769 0.09615384615384616 0.11778846153846154
1 0.5432692307692307 0.4411057692307692 0.06971153846153846 0.10336538461538461
1 0.43509615384615385 0.4879807692307692 0.07932692307692307 0.11057692307692307
1 0.6225961538461539 0.4230769230769231 0.06009615384615385 0.07451923076923077
1 0.71875 0.4807692307692308 0.0673076923076923 0.10096153846153846
1 0.7668269230769231 0.3485576923076923 0.07692307692307693 0.09134615384615384
1 0.7163461538461539 0.3245192307692308 0.055288461538461536 0.0673076923076923
1 0.6574519230769231 0.3317307692307692 0.06490384615384616 0.08413461538461539
1 0.6298076923076923 0.2704326923076923 0.038461538461538464 0.06009615384615385
1 0.5060096153846154 0.25600961538461536 0.03365384615384615 0.0625
1 0.016826923076923076 0.8425480769230769 0.03365384615384615 0.24759615384615385
1 0.020432692307692308 0.6153846153846154 0.040865384615384616 0.1201923076923077
1 0.16947115384615385 0.46153846153846156 0.0625 0.11538461538461539
1 0.2091346153846154 0.3954326923076923 0.06971153846153846 0.09615384615384616
1 0.2512019230769231 0.22235576923076922 0.04567307692307692 0.07451923076923077
1 0.19110576923076922 0.3425480769230769 0.05048076923076923 0.09615384615384616
1 0.051682692307692304 0.40865384615384615 0.07211538461538461 0.11298076923076923
1 0.07932692307692307 0.5637019230769231 0.10336538461538461 0.14903846153846154
1 0.08052884615384616 0.3004807692307692 0.07451923076923077 0.0625
2 0.78125 0.9134615384615384 0.052884615384615384 0.16826923076923078
2 0.056490384615384616 0.7728365384615384 0.05048076923076923 0.17307692307692307
2 0.9098557692307693 0.8425480769230769 0.05048076923076923 0.13221153846153846
2 0.41225961538461536 0.34134615384615385 0.02403846153846154 0.0889423076923077
2 0.38341346153846156 0.3401442307692308 0.02403846153846154 0.08173076923076923
2 0.5060096153846154 0.35697115384615385 0.026442307692307692 0.0889423076923077
0 0.6394230769230769 0.2091346153846154 0.0889423076923077 0.11298076923076923
0 0.5504807692307693 0.0733173076923077 0.04326923076923077 0.055288461538461536
0 0.04326923076923077 0.23677884615384615 0.07451923076923077 0.16105769230769232