1 0.3389423076923077 0.8509615384615384 0.34615384615384615 0.2932692307692308
1 0.2403846153846154 0.7860576923076923 0.22596153846153846 0.25240384615384615
1 0.421875 0.7295673076923077 0.21875 0.2283653846153846
1 0.6766826923076923 0.7836538461538461 0.2956730769230769 0.21153846153846154
1 0.6947115384615384 0.9074519230769231 0.5 0.18028846153846154
1 0.8882211538461539 0.796875 0.21875 0.36778846153846156
1 0.8353365384615384 0.6514423076923077 0.28846153846153844 0.17307692307692307
1 0.09134615384615384 0.6033653846153846 0.11298076923076923 0.1201923076923077
2 0.09735576923076923 0.7560096153846154 0.08413461538461539 0.2860576923076923
2 0.47115384615384615 0.7475961538461539 0.09375 0.23317307692307693
2 0.5612980769230769 0.6706730769230769 0.06971153846153846 0.17307692307692307
3 0.4074519230769231 0.5108173076923077 0.12259615384615384 0.12740384615384615
0 0.8737980769230769 0.5492788461538461 0.24759615384615385 0.3293269230769231