1 0.018028846153846152 0.8978365384615384 0.036057692307692304 0.18509615384615385
1 0.16826923076923078 0.8762019230769231 0.1658653846153846 0.18509615384615385
1 0.021634615384615384 0.7680288461538461 0.04326923076923077 0.19951923076923078
1 0.020432692307692308 0.6622596153846154 0.040865384615384616 0.0985576923076923
1 0.02403846153846154 0.6141826923076923 0.04807692307692308 0.18509615384615385
1 0.018028846153846152 0.5276442307692307 0.036057692307692304 0.16105769230769232
1 0.028846153846153848 0.42788461538461536 0.057692307692307696 0.18990384615384615
1 0.02403846153846154 0.30528846153846156 0.04326923076923077 0.15625
1 0.14543269230769232 0.6574519230769231 0.12980769230769232 0.21394230769230768
1 0.16706730769230768 0.5600961538461539 0.13701923076923078 0.1875
1 0.1466346153846154 0.46875 0.12259615384615384 0.15384615384615385
1 0.13221153846153846 0.32211538461538464 0.12259615384615384 0.15625
1 0.03365384615384615 0.19831730769230768 0.06009615384615385 0.14423076923076922
1 0.2920673076923077 0.4795673076923077 0.10817307692307693 0.18990384615384615
1 0.34375 0.8317307692307693 0.1346153846153846 0.23076923076923078
1 0.38221153846153844 0.5985576923076923 0.11538461538461539 0.20432692307692307
1 0.3329326923076923 0.38822115384615385 0.09375 0.16826923076923078
1 0.28725961538461536 0.3125 0.11298076923076923 0.1466346153846154
1 0.3076923076923077 0.24158653846153846 0.10096153846153846 0.12740384615384615
1 0.31850961538461536 0.13822115384615385 0.10336538461538461 0.17067307692307693
1 0.11538461538461539 0.0673076923076923 0.07451923076923077 0.0889423076923077
1 0.027644230769230768 0.052884615384615384 0.04326923076923077 0.09615384615384616
1 0.2860576923076923 0.056490384615384616 0.08173076923076923 0.11298076923076923
1 0.0985576923076923 0.04326923076923077 0.09134615384615384 0.08653846153846154
1 0.11538461538461539 0.009615384615384616 0.08173076923076923 0.019230769230769232
1 0.953125 0.5865384615384616 0.09134615384615384 0.23076923076923078
1 0.9338942307692307 0.5060096153846154 0.12740384615384615 0.22355769230769232
1 0.8942307692307693 0.40865384615384615 0.18028846153846154 0.20673076923076922
1 0.7572115384615384 0.29086538461538464 0.11538461538461539 0.16105769230769232
1 0.75 0.20072115384615385 0.1201923076923077 0.12980769230769232
1 0.9555288461538461 0.2920673076923077 0.08413461538461539 0.14182692307692307
1 0.7728365384615384 0.06850961538461539 0.09375 0.09615384615384616
1 0.9399038461538461 0.1141826923076923 0.11538461538461539 0.16826923076923078
2 0.08413461538461539 0.9435096153846154 0.07211538461538461 0.09375
2 0.23798076923076922 0.7367788461538461 0.06490384615384616 0.1875
2 0.5420673076923077 0.9399038461538461 0.08653846153846154 0.11778846153846154
2 0.4495192307692308 0.5480769230769231 0.052884615384615384 0.1658653846153846
2 0.22355769230769232 0.06490384615384616 0.026442307692307692 0.09134615384615384