1 0.32572115384615385 0.6959134615384616 0.21875 0.2644230769230769
1 0.036057692307692304 0.3557692307692308 0.07211538461538461 0.12980769230769232
1 0.12620192307692307 0.29927884615384615 0.055288461538461536 0.08413461538461539
1 0.32091346153846156 0.5168269230769231 0.15625 0.1971153846153846
1 0.3581730769230769 0.46634615384615385 0.125 0.18509615384615385
1 0.31490384615384615 0.39302884615384615 0.11057692307692307 0.08653846153846154
1 0.35216346153846156 0.3088942307692308 0.10096153846153846 0.14182692307692307
1 0.6971153846153846 0.8257211538461539 0.2668269230769231 0.3293269230769231
1 0.6430288461538461 0.6586538461538461 0.1971153846153846 0.2403846153846154
1 0.5661057692307693 0.5336538461538461 0.17307692307692307 0.21634615384615385
1 0.5973557692307693 0.45552884615384615 0.14182692307692307 0.18269230769230768
1 0.5625 0.3641826923076923 0.1346153846153846 0.12980769230769232
1 0.5252403846153846 0.3605769230769231 0.10336538461538461 0.14423076923076922
3 0.546875 0.24639423076923078 0.11298076923076923 0.19230769230769232
3 0.37740384615384615 0.24519230769230768 0.07211538461538461 0.14182692307692307