1 0.3076923076923077 0.9567307692307693 0.19951923076923078 0.06490384615384616
1 0.4651442307692308 0.7536057692307693 0.18028846153846154 0.23557692307692307
1 0.5240384615384616 0.4639423076923077 0.12980769230769232 0.16346153846153846
1 0.6310096153846154 0.42788461538461536 0.12259615384615384 0.1466346153846154
1 0.6430288461538461 0.2247596153846154 0.09615384615384616 0.11538461538461539
1 0.6983173076923077 0.08173076923076923 0.06490384615384616 0.08173076923076923
1 0.6670673076923077 0.14903846153846154 0.06971153846153846 0.0889423076923077
1 0.17067307692307693 0.5877403846153846 0.13221153846153846 0.16826923076923078
1 0.04807692307692308 0.7295673076923077 0.09615384615384616 0.25721153846153844
1 0.22355769230769232 0.3076923076923077 0.10096153846153846 0.12980769230769232
1 0.24519230769230768 0.4375 0.11778846153846154 0.14423076923076922
1 0.3245192307692308 0.36778846153846156 0.09615384615384616 0.13701923076923078
1 0.3942307692307692 0.2620192307692308 0.0889423076923077 0.11057692307692307
1 0.27163461538461536 0.23317307692307693 0.08413461538461539 0.11778846153846154
1 0.3401442307692308 0.18389423076923078 0.08653846153846154 0.11298076923076923
1 0.4567307692307692 0.19951923076923078 0.07211538461538461 0.09134615384615384
1 0.5048076923076923 0.12980769230769232 0.0673076923076923 0.07932692307692307
1 0.5264423076923077 0.09254807692307693 0.06971153846153846 0.0889423076923077
1 0.5865384615384616 0.021634615384615384 0.055288461538461536 0.036057692307692304
2 0.5853365384615384 0.6225961538461539 0.0673076923076923 0.16105769230769232
2 0.8485576923076923 0.3629807692307692 0.04807692307692308 0.125
2 0.8990384615384616 0.41225961538461536 0.04807692307692308 0.12259615384615384
2 0.953125 0.39783653846153844 0.052884615384615384 0.12980769230769232
2 0.9146634615384616 0.13942307692307693 0.03365384615384615 0.07932692307692307
2 0.8930288461538461 0.09615384615384616 0.02403846153846154 0.07692307692307693
2 0.12740384615384615 0.22115384615384615 0.040865384615384616 0.10817307692307693
2 0.1971153846153846 0.21153846153846154 0.038461538461538464 0.0889423076923077
3 0.7680288461538461 0.6454326923076923 0.21394230769230768 0.47836538461538464
3 0.7584134615384616 0.40024038461538464 0.16826923076923078 0.31490384615384615
3 0.4639423076923077 0.040865384615384616 0.10096153846153846 0.08173076923076923
3 0.8269230769230769 0.09254807692307693 0.07451923076923077 0.125