1 0.7211538461538461 0.9567307692307693 0.28846153846153844 0.07211538461538461
1 0.24158653846153846 0.9855769230769231 0.2620192307692308 0.02403846153846154
1 0.3125 0.8197115384615384 0.2403846153846154 0.3004807692307692
1 0.25240384615384615 0.6778846153846154 0.18509615384615385 0.2403846153846154
1 0.24879807692307693 0.5528846153846154 0.1778846153846154 0.21634615384615385
1 0.31009615384615385 0.5120192307692307 0.12980769230769232 0.18509615384615385
1 0.31850961538461536 0.35697115384615385 0.06009615384615385 0.12259615384615384
1 0.15625 0.36177884615384615 0.06490384615384616 0.11298076923076923
1 0.6298076923076923 0.7043269230769231 0.2091346153846154 0.2668269230769231
1 0.5745192307692307 0.6129807692307693 0.18509615384615385 0.24759615384615385
1 0.5576923076923077 0.49399038461538464 0.16826923076923078 0.125
1 0.5637019230769231 0.44591346153846156 0.14423076923076922 0.13221153846153846
1 0.5096153846153846 0.36778846153846156 0.125 0.17307692307692307
1 0.9362980769230769 0.3173076923076923 0.10096153846153846 0.1466346153846154
1 0.8774038461538461 0.2980769230769231 0.10096153846153846 0.13942307692307693
1 0.8257211538461539 0.2764423076923077 0.0889423076923077 0.13942307692307693
1 0.765625 0.2704326923076923 0.08173076923076923 0.11778846153846154
3 0.2403846153846154 0.35096153846153844 0.13942307692307693 0.22355769230769232
3 0.43509615384615385 0.2644230769230769 0.08413461538461539 0.16826923076923078
3 0.32572115384615385 0.3076923076923077 0.07451923076923077 0.11778846153846154