1 0.41947115384615385 0.9158653846153846 0.2860576923076923 0.16346153846153846
1 0.18389423076923078 0.7872596153846154 0.22355769230769232 0.16346153846153846
1 0.2956730769230769 0.6778846153846154 0.13221153846153846 0.08173076923076923
1 0.3173076923076923 0.6262019230769231 0.11057692307692307 0.055288461538461536
1 0.359375 0.5865384615384616 0.08413461538461539 0.04807692307692308
1 0.4567307692307692 0.7980769230769231 0.18269230769230768 0.13942307692307693
1 0.453125 0.7019230769230769 0.1346153846153846 0.0889423076923077
1 0.4375 0.6382211538461539 0.0625 0.0673076923076923
1 0.4891826923076923 0.6057692307692307 0.04567307692307692 0.04807692307692308
1 0.8810096153846154 0.8930288461538461 0.23317307692307693 0.15625
1 0.7584134615384616 0.7524038461538461 0.19471153846153846 0.13701923076923078
1 0.7115384615384616 0.6502403846153846 0.12740384615384615 0.11538461538461539
0 0.65625 0.5841346153846154 0.15144230769230768 0.13221153846153846