1 0.17067307692307693 0.6334134615384616 0.23076923076923078 0.18028846153846154
1 0.31971153846153844 0.5360576923076923 0.13221153846153846 0.08653846153846154
1 0.359375 0.49759615384615385 0.12259615384615384 0.0673076923076923
1 0.41225961538461536 0.4579326923076923 0.0985576923076923 0.05048076923076923
1 0.3918269230769231 0.8617788461538461 0.3269230769230769 0.27163461538461536
1 0.46033653846153844 0.703125 0.20192307692307693 0.15384615384615385
1 0.48197115384615385 0.6033653846153846 0.15625 0.0985576923076923
1 0.5120192307692307 0.5276442307692307 0.13701923076923078 0.07692307692307693
1 0.5552884615384616 0.5108173076923077 0.07692307692307693 0.057692307692307696
1 0.859375 0.9086538461538461 0.21875 0.1778846153846154
1 0.7980769230769231 0.7355769230769231 0.2091346153846154 0.15144230769230768
1 0.7644230769230769 0.6057692307692307 0.17067307692307693 0.125
0 0.7331730769230769 0.5264423076923077 0.17548076923076922 0.15144230769230768