1 0.1346153846153846 0.8317307692307693 0.055288461538461536 0.07451923076923077
1 0.020432692307692308 0.7451923076923077 0.040865384615384616 0.057692307692307696
1 0.08052884615384616 0.7764423076923077 0.038461538461538464 0.05048076923076923
1 0.07211538461538461 0.6598557692307693 0.036057692307692304 0.040865384615384616
1 0.19471153846153846 0.6442307692307693 0.03365384615384615 0.040865384615384616
1 0.4338942307692308 0.7139423076923077 0.03365384615384615 0.05048076923076923
1 0.4879807692307692 0.7331730769230769 0.0625 0.07451923076923077
1 0.40024038461538464 0.6802884615384616 0.038461538461538464 0.057692307692307696
1 0.37740384615384615 0.7055288461538461 0.038461538461538464 0.05048076923076923
1 0.3737980769230769 0.6490384615384616 0.03125 0.04326923076923077
1 0.2860576923076923 0.9483173076923077 0.08653846153846154 0.07451923076923077
1 0.2668269230769231 0.8966346153846154 0.0625 0.08653846153846154
1 0.016826923076923076 0.90625 0.03365384615384615 0.0673076923076923
1 0.021634615384615384 0.9495192307692307 0.04326923076923077 0.03365384615384615
1 0.09495192307692307 0.9375 0.08413461538461539 0.06971153846153846
1 0.19230769230769232 0.7319711538461539 0.038461538461538464 0.057692307692307696
1 0.15865384615384615 0.6814903846153846 0.04326923076923077 0.04326923076923077
1 0.006009615384615385 0.6478365384615384 0.01201923076923077 0.05048076923076923
1 0.016826923076923076 0.8341346153846154 0.03365384615384615 0.07211538461538461
1 0.23798076923076922 0.6730769230769231 0.038461538461538464 0.04326923076923077
1 0.35697115384615385 0.8846153846153846 0.057692307692307696 0.07451923076923077
1 0.390625 0.9495192307692307 0.06971153846153846 0.08653846153846154
1 0.44711538461538464 0.9290865384615384 0.055288461538461536 0.08653846153846154
1 0.4951923076923077 0.8737980769230769 0.057692307692307696 0.07692307692307693
1 0.2776442307692308 0.796875 0.09375 0.06971153846153846
1 0.53125 0.7788461538461539 0.038461538461538464 0.06009615384615385
0 0.1622596153846154 0.5805288461538461 0.04807692307692308 0.07211538461538461
0 0.42908653846153844 0.6310096153846154 0.0889423076923077 0.09615384615384616
0 0.6129807692307693 0.8004807692307693 0.10817307692307693 0.15865384615384615