1 0.8798076923076923 0.9314903846153846 0.16346153846153846 0.13221153846153846
1 0.6923076923076923 0.9110576923076923 0.16346153846153846 0.17307692307692307
1 0.8918269230769231 0.8401442307692307 0.16346153846153846 0.18509615384615385
1 0.8966346153846154 0.7439903846153846 0.1346153846153846 0.09375
1 0.8870192307692307 0.7007211538461539 0.12740384615384615 0.17067307692307693
1 0.90625 0.625 0.125 0.14903846153846154
1 0.8942307692307693 0.5336538461538461 0.1201923076923077 0.17548076923076922
1 0.9170673076923077 0.42788461538461536 0.11538461538461539 0.1466346153846154
1 0.7367788461538461 0.7235576923076923 0.13221153846153846 0.19951923076923078
1 0.7271634615384616 0.6334134615384616 0.13701923076923078 0.1778846153846154
1 0.7536057692307693 0.5552884615384616 0.1201923076923077 0.1466346153846154
1 0.7848557692307693 0.4266826923076923 0.1201923076923077 0.14903846153846154
1 0.9098557692307693 0.3293269230769231 0.10817307692307693 0.13221153846153846
1 0.6237980769230769 0.5492788461538461 0.11057692307692307 0.1778846153846154
1 0.5408653846153846 0.8557692307692307 0.13701923076923078 0.21634615384615385
1 0.5324519230769231 0.6466346153846154 0.11778846153846154 0.18990384615384615
1 0.5997596153846154 0.46274038461538464 0.09615384615384616 0.15625
1 0.6478365384615384 0.4014423076923077 0.11057692307692307 0.13942307692307693
1 0.6382211538461539 0.33653846153846156 0.0985576923076923 0.1201923076923077
1 0.6382211538461539 0.24519230769230768 0.10576923076923077 0.15865384615384615
1 0.8269230769230769 0.20432692307692307 0.07211538461538461 0.08413461538461539
1 0.9290865384615384 0.20192307692307693 0.0889423076923077 0.0889423076923077
1 0.6754807692307693 0.17548076923076922 0.07932692307692307 0.10576923076923077
1 0.9507211538461539 0.13581730769230768 0.08653846153846154 0.10336538461538461
1 0.8497596153846154 0.1658653846153846 0.08653846153846154 0.11298076923076923
1 0.8377403846153846 0.11177884615384616 0.07692307692307693 0.09615384615384616
1 0.7788461538461539 0.06610576923076923 0.07211538461538461 0.08413461538461539
1 0.039663461538461536 0.5709134615384616 0.07932692307692307 0.21394230769230768
1 0.06009615384615385 0.5036057692307693 0.1201923076923077 0.2091346153846154
1 0.0985576923076923 0.421875 0.17548076923076922 0.19471153846153846
1 0.234375 0.33052884615384615 0.11298076923076923 0.15144230769230768
1 0.24879807692307693 0.25240384615384615 0.11778846153846154 0.125
1 0.45913461538461536 0.0625 0.08413461538461539 0.0985576923076923
1 0.057692307692307696 0.31009615384615385 0.0889423076923077 0.13221153846153846
1 0.2439903846153846 0.13341346153846154 0.0889423076923077 0.09134615384615384
1 0.09134615384615384 0.15625 0.11538461538461539 0.15865384615384615
2 0.7608173076923077 0.9675480769230769 0.07451923076923077 0.06009615384615385
2 0.6454326923076923 0.7836538461538461 0.07451923076923077 0.17067307692307693
2 0.3545673076923077 0.9314903846153846 0.08653846153846154 0.11298076923076923
2 0.47836538461538464 0.59375 0.06009615384615385 0.15144230769230768
2 0.7307692307692307 0.18990384615384615 0.03125 0.08413461538461539
0 0.703125 0.07692307692307693 0.11057692307692307 0.125