1 0.47836538461538464 0.4963942307692308 0.46153846153846156 0.4567307692307692
1 0.18389423076923078 0.265625 0.24278846153846154 0.53125
1 0.08052884615384616 0.13221153846153846 0.13701923076923078 0.2644230769230769
1 0.5276442307692307 0.1875 0.21153846153846154 0.2403846153846154
1 0.859375 0.4230769230769231 0.2764423076923077 0.44711538461538464
1 0.9206730769230769 0.8233173076923077 0.14423076923076922 0.3485576923076923
2 0.07091346153846154 0.7884615384615384 0.14182692307692307 0.36538461538461536
2 0.1814903846153846 0.6117788461538461 0.25 0.39663461538461536
2 0.4543269230769231 0.6298076923076923 0.1778846153846154 0.41346153846153844
2 0.8329326923076923 0.6153846153846154 0.11057692307692307 0.43028846153846156
2 0.7728365384615384 0.7824519230769231 0.13221153846153846 0.36538461538461536
0 0.36899038461538464 0.12259615384615384 0.36778846153846156 0.24519230769230768