1 0.45552884615384615 0.796875 0.14903846153846154 0.20432692307692307
1 0.9567307692307693 0.36177884615384615 0.08173076923076923 0.15144230769230768
1 0.8461538461538461 0.23317307692307693 0.07211538461538461 0.0985576923076923
1 0.25961538461538464 0.8449519230769231 0.15384615384615385 0.21634615384615385
1 0.028846153846153848 0.6911057692307693 0.057692307692307696 0.19471153846153846
1 0.0733173076923077 0.5600961538461539 0.13221153846153846 0.125
1 0.12980769230769232 0.20192307692307693 0.08173076923076923 0.1466346153846154
2 0.13341346153846154 0.8052884615384616 0.06971153846153846 0.18509615384615385
2 0.2536057692307692 0.5685096153846154 0.052884615384615384 0.13942307692307693
2 0.3329326923076923 0.5600961538461539 0.05048076923076923 0.17548076923076922
2 0.21875 0.4855769230769231 0.04567307692307692 0.16826923076923078
2 0.07211538461538461 0.34975961538461536 0.038461538461538464 0.13221153846153846
2 0.42908653846153844 0.22115384615384615 0.040865384615384616 0.13221153846153846
2 0.6442307692307693 0.5372596153846154 0.057692307692307696 0.15384615384615385
2 0.9723557692307693 0.7271634615384616 0.04326923076923077 0.19471153846153846
2 0.9182692307692307 0.5204326923076923 0.04326923076923077 0.1658653846153846
2 0.49399038461538464 0.15504807692307693 0.03365384615384615 0.10096153846153846
2 0.39302884615384615 0.14903846153846154 0.03125 0.09375
0 0.7247596153846154 0.3605769230769231 0.20192307692307693 0.35096153846153844