1 0.7295673076923077 0.8197115384615384 0.23317307692307693 0.2932692307692308
1 0.6995192307692307 0.6237980769230769 0.20432692307692307 0.24519230769230768
1 0.6237980769230769 0.5612980769230769 0.1466346153846154 0.20432692307692307
1 0.5408653846153846 0.3557692307692308 0.06490384615384616 0.125
1 0.6875 0.3076923076923077 0.055288461538461536 0.11298076923076923
1 0.35697115384615385 0.8365384615384616 0.22355769230769232 0.2932692307692308
1 0.3798076923076923 0.7079326923076923 0.20673076923076922 0.2668269230769231
1 0.3473557692307692 0.5829326923076923 0.17067307692307693 0.18990384615384615
1 0.36538461538461536 0.4519230769230769 0.12980769230769232 0.18990384615384615
1 0.39783653846153844 0.33533653846153844 0.08173076923076923 0.12259615384615384
1 0.039663461538461536 0.42788461538461536 0.07932692307692307 0.12980769230769232
1 0.09375 0.375 0.07211538461538461 0.09615384615384616
1 0.13942307692307693 0.3581730769230769 0.057692307692307696 0.09375
3 0.625 0.390625 0.17067307692307693 0.2764423076923077
3 0.4074519230769231 0.2824519230769231 0.08653846153846154 0.17067307692307693