1 0.6466346153846154 0.8545673076923077 0.2403846153846154 0.2860576923076923
1 0.6778846153846154 0.6586538461538461 0.20673076923076922 0.2548076923076923
1 0.6213942307692307 0.5733173076923077 0.14903846153846154 0.21153846153846154
1 0.5997596153846154 0.3425480769230769 0.06490384615384616 0.12980769230769232
1 0.7608173076923077 0.3389423076923077 0.055288461538461536 0.11778846153846154
1 0.2704326923076923 0.7668269230769231 0.22596153846153846 0.30288461538461536
1 0.3329326923076923 0.6442307692307693 0.21153846153846154 0.2764423076923077
1 0.3401442307692308 0.5096153846153846 0.17548076923076922 0.1971153846153846
1 0.3954326923076923 0.3858173076923077 0.1346153846153846 0.1971153846153846
1 0.4639423076923077 0.27884615384615385 0.08173076923076923 0.125
1 0.07091346153846154 0.25721153846153844 0.0985576923076923 0.1346153846153846
1 0.1502403846153846 0.2247596153846154 0.07451923076923077 0.0985576923076923
1 0.20072115384615385 0.22355769230769232 0.057692307692307696 0.0985576923076923
3 0.6742788461538461 0.4026442307692308 0.17548076923076922 0.2860576923076923
3 0.4891826923076923 0.2283653846153846 0.0889423076923077 0.1778846153846154