1 0.07692307692307693 0.9375 0.10576923076923077 0.1201923076923077
1 0.06971153846153846 0.8713942307692307 0.09615384615384616 0.11298076923076923
1 0.06971153846153846 0.8173076923076923 0.11057692307692307 0.21153846153846154
1 0.055288461538461536 0.7199519230769231 0.09375 0.18509615384615385
1 0.06009615384615385 0.6081730769230769 0.1201923076923077 0.22596153846153846
1 0.046875 0.47115384615384615 0.09375 0.18269230769230768
1 0.234375 0.8533653846153846 0.15865384615384615 0.25
1 0.25 0.7415865384615384 0.1658653846153846 0.22115384615384615
1 0.21875 0.640625 0.1466346153846154 0.18028846153846154
1 0.18629807692307693 0.47596153846153844 0.1466346153846154 0.18509615384615385
1 0.051682692307692304 0.3485576923076923 0.10336538461538461 0.17307692307692307
1 0.38341346153846156 0.6382211538461539 0.1346153846153846 0.22115384615384615
1 0.47115384615384615 0.9459134615384616 0.15865384615384615 0.10336538461538461
1 0.4951923076923077 0.7644230769230769 0.14423076923076922 0.23798076923076922
1 0.41947115384615385 0.53125 0.11778846153846154 0.19471153846153846
1 0.3605769230769231 0.45072115384615385 0.1346153846153846 0.17307692307692307
1 0.3762019230769231 0.36899038461538464 0.1201923076923077 0.14903846153846154
1 0.3786057692307692 0.25240384615384615 0.12740384615384615 0.19951923076923078
1 0.14182692307692307 0.19230769230769232 0.0889423076923077 0.10576923076923077
1 0.036057692307692304 0.18509615384615385 0.07211538461538461 0.11538461538461539
1 0.33533653846153844 0.16105769230769232 0.0985576923076923 0.13221153846153846
1 0.02283653846153846 0.10216346153846154 0.04567307692307692 0.13221153846153846
1 0.11538461538461539 0.14302884615384615 0.10576923076923077 0.13942307692307693
1 0.13341346153846154 0.07932692307692307 0.09615384615384616 0.11538461538461539
1 0.21153846153846154 0.04447115384615385 0.08413461538461539 0.055288461538461536
1 0.9723557692307693 0.5060096153846154 0.05048076923076923 0.23798076923076922
1 0.8882211538461539 0.3786057692307692 0.13942307692307693 0.1875
1 0.8725961538461539 0.27884615384615385 0.14423076923076922 0.15384615384615385
1 0.6189903846153846 0.04807692307692308 0.10817307692307693 0.09615384615384616
1 0.8846153846153846 0.12860576923076922 0.11057692307692307 0.11298076923076923
2 0.3473557692307692 0.9122596153846154 0.0889423076923077 0.17067307692307693
2 0.5673076923076923 0.7007211538461539 0.0673076923076923 0.18990384615384615
2 0.265625 0.1778846153846154 0.03365384615384615 0.10576923076923077
0 0.3076923076923077 0.06009615384615385 0.12980769230769232 0.10336538461538461