1 0.47596153846153844 0.8305288461538461 0.20673076923076922 0.33413461538461536
1 0.171875 0.47475961538461536 0.12259615384615384 0.20673076923076922
1 0.34375 0.5733173076923077 0.15144230769230768 0.2980769230769231
1 0.19230769230769232 0.21754807692307693 0.09134615384615384 0.13221153846153846
1 0.31009615384615385 0.20072115384615385 0.0889423076923077 0.15144230769230768
1 0.3894230769230769 0.29447115384615385 0.07932692307692307 0.16826923076923078
1 0.5048076923076923 0.33052884615384615 0.08413461538461539 0.14182692307692307
1 0.4362980769230769 0.44350961538461536 0.0889423076923077 0.21875
1 0.07932692307692307 0.020432692307692308 0.07692307692307693 0.040865384615384616
1 0.6658653846153846 0.6766826923076923 0.18269230769230768 0.31490384615384615
1 0.9242788461538461 0.8545673076923077 0.13701923076923078 0.2860576923076923
1 0.8822115384615384 0.5925480769230769 0.18269230769230768 0.23798076923076922
1 0.6742788461538461 0.40865384615384615 0.11778846153846154 0.19230769230769232
1 0.5612980769230769 0.5084134615384616 0.10576923076923077 0.21153846153846154
1 0.5973557692307693 0.23557692307692307 0.09134615384615384 0.13701923076923078
1 0.8161057692307693 0.28725961538461536 0.09134615384615384 0.14903846153846154
1 0.5480769230769231 0.12860576923076922 0.0625 0.10336538461538461
1 0.43028846153846156 0.12259615384615384 0.055288461538461536 0.10336538461538461
1 0.26802884615384615 0.1502403846153846 0.052884615384615384 0.10576923076923077
1 0.23076923076923078 0.11057692307692307 0.052884615384615384 0.10576923076923077
1 0.3737980769230769 0.051682692307692304 0.05048076923076923 0.0673076923076923
1 0.5168269230769231 0.026442307692307692 0.052884615384615384 0.052884615384615384
1 0.31009615384615385 0.09134615384615384 0.04567307692307692 0.0625
2 0.21875 0.6502403846153846 0.057692307692307696 0.22355769230769232
2 0.20072115384615385 0.5504807692307693 0.04567307692307692 0.20192307692307693
2 0.3605769230769231 0.16346153846153846 0.036057692307692304 0.10817307692307693
2 0.4891826923076923 0.06129807692307692 0.021634615384615384 0.09134615384615384
0 0.6334134615384616 0.06009615384615385 0.09615384615384616 0.11298076923076923
0 0.7259615384615384 0.04807692307692308 0.07692307692307693 0.08413461538461539
0 0.9242788461538461 0.36899038461538464 0.1466346153846154 0.4495192307692308