1 0.06610576923076923 0.7067307692307693 0.0985576923076923 0.15144230769230768
1 0.08653846153846154 0.5204326923076923 0.1201923076923077 0.14423076923076922
1 0.3713942307692308 0.37259615384615385 0.10576923076923077 0.14903846153846154
1 0.45913461538461536 0.38100961538461536 0.0985576923076923 0.14182692307692307
1 0.7536057692307693 0.5685096153846154 0.2980769230769231 0.25240384615384615
1 0.9350961538461539 0.45913461538461536 0.125 0.20673076923076922
1 0.17908653846153846 0.8149038461538461 0.2932692307692308 0.2668269230769231
2 0.10216346153846154 0.9507211538461539 0.07451923076923077 0.09375
2 0.375 0.9110576923076923 0.15384615384615385 0.17307692307692307
2 0.41225961538461536 0.7764423076923077 0.15144230769230768 0.1971153846153846
2 0.7632211538461539 0.8918269230769231 0.15384615384615385 0.15144230769230768
2 0.7199519230769231 0.8076923076923077 0.16105769230769232 0.18990384615384615
2 0.7175480769230769 0.6790865384615384 0.16105769230769232 0.16346153846153846
2 0.5540865384615384 0.6081730769230769 0.13701923076923078 0.14903846153846154
2 0.9735576923076923 0.8353365384615384 0.04807692307692308 0.17067307692307693
0 0.765625 0.3269230769230769 0.4639423076923077 0.4375