1 0.20673076923076922 0.8461538461538461 0.22355769230769232 0.28125
1 0.2668269230769231 0.6394230769230769 0.14903846153846154 0.1778846153846154
1 0.32211538461538464 0.5432692307692307 0.15865384615384615 0.23076923076923078
1 0.038461538461538464 0.32091346153846156 0.06490384615384616 0.14903846153846154
1 0.11899038461538461 0.29447115384615385 0.07932692307692307 0.10096153846153846
1 0.7247596153846154 0.4230769230769231 0.11778846153846154 0.15144230769230768
1 0.3449519230769231 0.3894230769230769 0.10336538461538461 0.10336538461538461
1 0.3629807692307692 0.36658653846153844 0.10096153846153846 0.125
1 0.3918269230769231 0.3473557692307692 0.07692307692307693 0.125
1 0.5709134615384616 0.4543269230769231 0.0985576923076923 0.15144230769230768
1 0.5504807692307693 0.3798076923076923 0.08653846153846154 0.12980769230769232
1 0.609375 0.8762019230769231 0.23317307692307693 0.24278846153846154
3 0.6454326923076923 0.6358173076923077 0.20673076923076922 0.4567307692307692
3 0.4098557692307692 0.2932692307692308 0.09615384615384616 0.21153846153846154
3 0.5336538461538461 0.31971153846153844 0.07451923076923077 0.13942307692307693