1 0.6610576923076923 0.9362980769230769 0.3004807692307692 0.125
1 0.1502403846153846 0.9387019230769231 0.2860576923076923 0.11778846153846154
1 0.8653846153846154 0.7536057692307693 0.20192307692307693 0.14423076923076922
1 0.6057692307692307 0.8293269230769231 0.18509615384615385 0.13701923076923078
1 0.2776442307692308 0.8149038461538461 0.19471153846153846 0.12740384615384615
1 0.7487980769230769 0.6598557692307693 0.11778846153846154 0.0673076923076923
1 0.7151442307692307 0.6165865384615384 0.10096153846153846 0.04567307692307692
1 0.6730769230769231 0.5877403846153846 0.0889423076923077 0.04807692307692308
1 0.59375 0.7235576923076923 0.15625 0.07932692307692307
1 0.30649038461538464 0.6995192307692307 0.15384615384615385 0.11057692307692307
1 0.5685096153846154 0.6550480769230769 0.11298076923076923 0.06971153846153846
1 0.5324519230769231 0.6262019230769231 0.10096153846153846 0.04567307692307692
2 0.42788461538461536 0.8774038461538461 0.07932692307692307 0.125
0 0.3545673076923077 0.6225961538461539 0.15865384615384615 0.1346153846153846