1 0.9663461538461539 0.5600961538461539 0.0625 0.125
1 0.7728365384615384 0.5721153846153846 0.16105769230769232 0.13942307692307693
1 0.765625 0.4423076923076923 0.17307692307692307 0.1346153846153846
1 0.5300480769230769 0.4098557692307692 0.14423076923076922 0.125
1 0.44591346153846156 0.609375 0.1778846153846154 0.14903846153846154
1 0.08774038461538461 0.6490384615384616 0.17548076923076922 0.18269230769230768
1 0.06009615384615385 0.35336538461538464 0.09615384615384616 0.125
2 0.13341346153846154 0.6935096153846154 0.10817307692307693 0.1201923076923077
2 0.5516826923076923 0.6911057692307693 0.0889423076923077 0.11298076923076923
2 0.9002403846153846 0.6454326923076923 0.08413461538461539 0.10096153846153846
2 0.019230769230769232 0.46274038461538464 0.038461538461538464 0.0985576923076923