1 0.27524038461538464 0.9747596153846154 0.10336538461538461 0.04567307692307692
1 0.22716346153846154 0.8425480769230769 0.052884615384615384 0.07211538461538461
1 0.06129807692307692 0.8317307692307693 0.055288461538461536 0.06490384615384616
1 0.10096153846153846 0.7776442307692307 0.04807692307692308 0.055288461538461536
1 0.16706730769230768 0.796875 0.038461538461538464 0.05048076923076923
1 0.14302884615384615 0.6887019230769231 0.03365384615384615 0.040865384615384616
1 0.25721153846153844 0.6538461538461539 0.03365384615384615 0.040865384615384616
1 0.4951923076923077 0.6838942307692307 0.03365384615384615 0.05048076923076923
1 0.5492788461538461 0.6947115384615384 0.06009615384615385 0.07211538461538461
1 0.4579326923076923 0.6586538461538461 0.038461538461538464 0.055288461538461536
1 0.43990384615384615 0.6862980769230769 0.038461538461538464 0.05048076923076923
1 0.42788461538461536 0.6334134615384616 0.03125 0.040865384615384616
1 0.40865384615384615 0.9675480769230769 0.09615384615384616 0.06009615384615385
1 0.39302884615384615 0.9459134615384616 0.0889423076923077 0.10336538461538461
1 0.3641826923076923 0.8834134615384616 0.0625 0.08413461538461539
1 0.09735576923076923 0.9326923076923077 0.08653846153846154 0.0625
1 0.125 0.9771634615384616 0.07211538461538461 0.040865384615384616
1 0.20552884615384615 0.9543269230769231 0.08173076923076923 0.07692307692307693
1 0.26802884615384615 0.7379807692307693 0.038461538461538464 0.055288461538461536
1 0.22716346153846154 0.6947115384615384 0.040865384615384616 0.04326923076923077
1 0.06370192307692307 0.6850961538461539 0.03125 0.040865384615384616
1 0.09495192307692307 0.8641826923076923 0.06490384615384616 0.0673076923076923
1 0.30288461538461536 0.6754807692307693 0.038461538461538464 0.04326923076923077
1 0.4483173076923077 0.8581730769230769 0.055288461538461536 0.07211538461538461
1 0.4891826923076923 0.921875 0.0673076923076923 0.0985576923076923
1 0.5396634615384616 0.8870192307692307 0.055288461538461536 0.08413461538461539
1 0.578125 0.8257211538461539 0.055288461538461536 0.07451923076923077
1 0.359375 0.7872596153846154 0.09134615384615384 0.06971153846153846
1 0.5973557692307693 0.7319711538461539 0.038461538461538464 0.057692307692307696
0 0.21514423076923078 0.5985576923076923 0.04807692307692308 0.06971153846153846
0 0.47836538461538464 0.6069711538461539 0.08653846153846154 0.09375
0 0.6790865384615384 0.7403846153846154 0.10817307692307693 0.15384615384615385