1 0.33774038461538464 0.8725961538461539 0.25961538461538464 0.2403846153846154
1 0.7896634615384616 0.8762019230769231 0.2860576923076923 0.21153846153846154
1 0.6622596153846154 0.7139423076923077 0.14423076923076922 0.11057692307692307
1 0.6514423076923077 0.6141826923076923 0.12980769230769232 0.0985576923076923
1 0.14903846153846154 0.6490384615384616 0.17307692307692307 0.12259615384615384
1 0.26322115384615385 0.5745192307692307 0.0985576923076923 0.057692307692307696
1 0.2932692307692308 0.5372596153846154 0.0889423076923077 0.04807692307692308
1 0.3317307692307692 0.5108173076923077 0.07692307692307693 0.038461538461538464
1 0.3870192307692308 0.7199519230769231 0.17307692307692307 0.12259615384615384
1 0.3918269230769231 0.6310096153846154 0.13221153846153846 0.07932692307692307
1 0.4170673076923077 0.5649038461538461 0.10336538461538461 0.057692307692307696
1 0.4483173076923077 0.546875 0.07932692307692307 0.04567307692307692
2 0.546875 0.8545673076923077 0.07932692307692307 0.14423076923076922
0 0.5949519230769231 0.5492788461538461 0.13221153846153846 0.11778846153846154