1 0.22115384615384615 0.7367788461538461 0.18028846153846154 0.22596153846153846
1 0.30408653846153844 0.6105769230769231 0.1971153846153846 0.27163461538461536
1 0.09975961538461539 0.2764423076923077 0.09375 0.13942307692307693
1 0.17908653846153846 0.2776442307692308 0.07211538461538461 0.09615384615384616
1 0.7728365384615384 0.49399038461538464 0.13701923076923078 0.17548076923076922
1 0.5973557692307693 0.5252403846153846 0.15144230769230768 0.1875
1 0.5841346153846154 0.4182692307692308 0.10096153846153846 0.13942307692307693
1 0.34975961538461536 0.4543269230769231 0.1346153846153846 0.1778846153846154
1 0.3713942307692308 0.3918269230769231 0.11538461538461539 0.14182692307692307
3 0.6514423076923077 0.7620192307692307 0.27884615384615385 0.47115384615384615
3 0.4230769230769231 0.30649038461538464 0.11538461538461539 0.2283653846153846
3 0.5540865384615384 0.33653846153846156 0.09615384615384616 0.16346153846153846