1 0.265625 0.7632211538461539 0.25961538461538464 0.34375
1 0.3485576923076923 0.5324519230769231 0.16826923076923078 0.1971153846153846
1 0.41225961538461536 0.43509615384615385 0.18269230769230768 0.2548076923076923
1 0.109375 0.17548076923076922 0.11778846153846154 0.16826923076923078
1 0.21514423076923078 0.15745192307692307 0.0889423076923077 0.11057692307692307
1 0.8485576923076923 0.33774038461538464 0.1346153846153846 0.16826923076923078
1 0.4483173076923077 0.27283653846153844 0.11538461538461539 0.11538461538461539
1 0.4699519230769231 0.25 0.11538461538461539 0.13942307692307693
1 0.5 0.23317307692307693 0.0889423076923077 0.13701923076923078
1 0.6826923076923077 0.359375 0.11538461538461539 0.1658653846153846
1 0.6658653846153846 0.27884615384615385 0.10096153846153846 0.14423076923076922
1 0.6887019230769231 0.8329326923076923 0.2644230769230769 0.3173076923076923
3 0.7487980769230769 0.5564903846153846 0.25 0.49278846153846156
3 0.5240384615384616 0.1778846153846154 0.11778846153846154 0.23076923076923078
3 0.6514423076923077 0.21394230769230768 0.0889423076923077 0.15144230769230768