1 0.1310096153846154 0.9411057692307693 0.13701923076923078 0.11298076923076923
1 0.18389423076923078 0.7956730769230769 0.21394230769230768 0.15625
1 0.2776442307692308 0.7007211538461539 0.1346153846153846 0.0889423076923077
1 0.2920673076923077 0.65625 0.11538461538461539 0.0625
1 0.4098557692307692 0.9362980769230769 0.31971153846153844 0.12259615384615384
1 0.4423076923076923 0.8425480769230769 0.23317307692307693 0.17067307692307693
1 0.43509615384615385 0.7367788461538461 0.17067307692307693 0.10817307692307693
1 0.4362980769230769 0.6658653846153846 0.1201923076923077 0.08413461538461539
1 0.47836538461538464 0.6298076923076923 0.0985576923076923 0.06490384615384616
1 0.8762019230769231 0.8701923076923077 0.24278846153846154 0.1778846153846154
1 0.7728365384615384 0.7644230769230769 0.2091346153846154 0.14903846153846154
1 0.7235576923076923 0.6634615384615384 0.17067307692307693 0.1346153846153846
2 0.6598557692307693 0.9519230769230769 0.14423076923076922 0.07692307692307693
2 0.5685096153846154 0.7259615384615384 0.07692307692307693 0.0985576923076923
2 0.5504807692307693 0.6394230769230769 0.05048076923076923 0.06490384615384616
0 0.6502403846153846 0.5973557692307693 0.17548076923076922 0.16346153846153846