1 0.8858173076923077 0.8834134615384616 0.22355769230769232 0.15625
1 0.9387019230769231 0.22235576923076922 0.057692307692307696 0.10817307692307693
1 0.4014423076923077 0.9182692307692307 0.2980769230769231 0.15865384615384615
1 0.48197115384615385 0.828125 0.25240384615384615 0.30528846153846156
1 0.8786057692307693 0.7584134615384616 0.23798076923076922 0.3293269230769231
1 0.8173076923076923 0.5829326923076923 0.17067307692307693 0.21153846153846154
1 0.7608173076923077 0.4831730769230769 0.19230769230769232 0.25961538461538464
1 0.6923076923076923 0.30528846153846156 0.10576923076923077 0.14423076923076922
1 0.6670673076923077 0.2932692307692308 0.09615384615384616 0.1466346153846154
1 0.31850961538461536 0.39903846153846156 0.1346153846153846 0.16105769230769232
1 0.4831730769230769 0.4182692307692308 0.11298076923076923 0.17307692307692307
1 0.4987980769230769 0.3449519230769231 0.10817307692307693 0.15384615384615385
3 0.4170673076923077 0.5793269230769231 0.28125 0.4639423076923077
3 0.640625 0.23918269230769232 0.1201923076923077 0.2283653846153846