1 0.6983173076923077 0.8557692307692307 0.23798076923076922 0.27163461538461536
1 0.328125 0.8798076923076923 0.22355769230769232 0.23557692307692307
1 0.39302884615384615 0.6887019230769231 0.18509615384615385 0.24519230769230768
1 0.6514423076923077 0.6141826923076923 0.16346153846153846 0.21153846153846154
1 0.3425480769230769 0.5829326923076923 0.1466346153846154 0.19471153846153846
1 0.3485576923076923 0.49158653846153844 0.14423076923076922 0.1658653846153846
1 0.39783653846153844 0.4675480769230769 0.10096153846153846 0.15865384615384615
1 0.27524038461538464 0.35216346153846156 0.04326923076923077 0.0889423076923077
1 0.6153846153846154 0.5456730769230769 0.14903846153846154 0.2091346153846154
1 0.625 0.4110576923076923 0.11538461538461539 0.10336538461538461
1 0.5769230769230769 0.359375 0.10096153846153846 0.1466346153846154
1 0.9675480769230769 0.359375 0.052884615384615384 0.13221153846153846
1 0.9314903846153846 0.3293269230769231 0.08653846153846154 0.1346153846153846
1 0.8569711538461539 0.3112980769230769 0.08173076923076923 0.12740384615384615
3 0.3449519230769231 0.33413461538461536 0.11538461538461539 0.2091346153846154
3 0.4206730769230769 0.31850961538461536 0.057692307692307696 0.10336538461538461
3 0.5216346153846154 0.2860576923076923 0.07211538461538461 0.15865384615384615