1 0.2403846153846154 0.8701923076923077 0.2283653846153846 0.23317307692307693
1 0.3125 0.7391826923076923 0.19471153846153846 0.2668269230769231
1 0.359375 0.6382211538461539 0.18028846153846154 0.24519230769230768
1 0.35697115384615385 0.5180288461538461 0.1466346153846154 0.16826923076923078
1 0.39903846153846156 0.4074519230769231 0.12259615384615384 0.18269230769230768
1 0.46033653846153844 0.31490384615384615 0.06490384615384616 0.10817307692307693
1 0.6550480769230769 0.8052884615384616 0.1971153846153846 0.2548076923076923
1 0.6706730769230769 0.6334134615384616 0.18028846153846154 0.2283653846153846
1 0.6201923076923077 0.5709134615384616 0.1346153846153846 0.19471153846153846
1 0.5841346153846154 0.359375 0.0673076923076923 0.11778846153846154
1 0.7391826923076923 0.3473557692307692 0.057692307692307696 0.1201923076923077
1 0.0625 0.32211538461538464 0.0985576923076923 0.12980769230769232
1 0.09375 0.3004807692307692 0.07692307692307693 0.11298076923076923
1 0.1502403846153846 0.2824519230769231 0.0625 0.10096153846153846
1 0.1875 0.2764423076923077 0.0673076923076923 0.09615384615384616
1 0.2403846153846154 0.26802884615384615 0.040865384615384616 0.07211538461538461
3 0.6670673076923077 0.40865384615384615 0.16346153846153846 0.25961538461538464
3 0.4807692307692308 0.26802884615384615 0.08653846153846154 0.16826923076923078
3 0.5793269230769231 0.29927884615384615 0.06971153846153846 0.11538461538461539