1 0.7596153846153846 0.859375 0.22115384615384615 0.2764423076923077
1 0.6850961538461539 0.7295673076923077 0.1875 0.23557692307692307
1 0.7752403846153846 0.3737980769230769 0.08653846153846154 0.125
1 0.6117788461538461 0.41225961538461536 0.057692307692307696 0.13942307692307693
1 0.6057692307692307 0.3557692307692308 0.07211538461538461 0.11538461538461539
1 0.2704326923076923 0.9747596153846154 0.2548076923076923 0.04807692307692308
1 0.33413461538461536 0.8762019230769231 0.22115384615384615 0.24519230769230768
1 0.33774038461538464 0.6971153846153846 0.1778846153846154 0.20673076923076922
1 0.36778846153846156 0.59375 0.12980769230769232 0.15625
1 0.39783653846153844 0.5048076923076923 0.1346153846153846 0.21153846153846154
1 0.4338942307692308 0.3557692307692308 0.06971153846153846 0.1201923076923077
1 0.027644230769230768 0.3954326923076923 0.055288461538461536 0.17307692307692307
1 0.11057692307692307 0.33774038461538464 0.08173076923076923 0.10096153846153846
1 0.16346153846153846 0.3125 0.057692307692307696 0.08653846153846154
1 0.20793269230769232 0.3112980769230769 0.04326923076923077 0.08173076923076923
3 0.7079326923076923 0.5204326923076923 0.18269230769230768 0.36538461538461536
3 0.4699519230769231 0.28846153846153844 0.07692307692307693 0.20192307692307693