1 0.3173076923076923 0.8918269230769231 0.23076923076923078 0.21153846153846154
1 0.7295673076923077 0.8725961538461539 0.23557692307692307 0.2283653846153846
1 0.35096153846153844 0.6802884615384616 0.1466346153846154 0.1875
1 0.390625 0.5685096153846154 0.1658653846153846 0.23557692307692307
1 0.03485576923076923 0.453125 0.06971153846153846 0.15625
1 0.109375 0.3737980769230769 0.09134615384615384 0.13942307692307693
1 0.18509615384615385 0.3449519230769231 0.07211538461538461 0.09375
1 0.7451923076923077 0.3762019230769231 0.11538461538461539 0.1466346153846154
1 0.6057692307692307 0.4423076923076923 0.10817307692307693 0.16346153846153846
1 0.5757211538461539 0.36538461538461536 0.0889423076923077 0.12259615384615384
1 0.3870192307692308 0.4375 0.10817307692307693 0.14423076923076922
1 0.3942307692307692 0.38822115384615385 0.10096153846153846 0.12980769230769232
1 0.41586538461538464 0.36177884615384615 0.07932692307692307 0.11778846153846154
3 0.7115384615384616 0.6153846153846154 0.22115384615384615 0.4543269230769231
3 0.4206730769230769 0.30288461538461536 0.09615384615384616 0.19230769230769232
3 0.5408653846153846 0.3076923076923077 0.07932692307692307 0.1346153846153846