1 0.015625 0.8100961538461539 0.03125 0.25961538461538464
1 0.07091346153846154 0.6262019230769231 0.14182692307692307 0.13701923076923078
1 0.16346153846153846 0.5552884615384616 0.1201923076923077 0.0673076923076923
1 0.19951923076923078 0.5144230769230769 0.10576923076923077 0.0625
1 0.2536057692307692 0.47716346153846156 0.0889423076923077 0.04807692307692308
1 0.21754807692307693 0.8798076923076923 0.2956730769230769 0.21634615384615385
1 0.25841346153846156 0.7283653846153846 0.1778846153846154 0.12980769230769232
1 0.3016826923076923 0.6358173076923077 0.15144230769230768 0.10096153846153846
1 0.3245192307692308 0.5673076923076923 0.11298076923076923 0.07451923076923077
1 0.36778846153846156 0.5420673076923077 0.09134615384615384 0.06009615384615385
1 0.7139423076923077 0.8990384615384616 0.3173076923076923 0.1971153846153846
1 0.6057692307692307 0.7415865384615384 0.19230769230769232 0.13942307692307693
1 0.5805288461538461 0.6334134615384616 0.15865384615384615 0.125
2 0.44711538461538464 0.8401442307692307 0.0889423076923077 0.13942307692307693
2 0.42908653846153844 0.6574519230769231 0.06490384615384616 0.0889423076923077
2 0.42427884615384615 0.5733173076923077 0.04326923076923077 0.057692307692307696
2 0.4362980769230769 0.5276442307692307 0.04326923076923077 0.04326923076923077
0 0.5276442307692307 0.546875 0.16105769230769232 0.14182692307692307