1 0.25240384615384615 0.8978365384615384 0.06009615384615385 0.07932692307692307
1 0.07091346153846154 0.890625 0.06009615384615385 0.07211538461538461
1 0.1141826923076923 0.8305288461538461 0.052884615384615384 0.057692307692307696
1 0.18629807692307693 0.8509615384615384 0.04326923076923077 0.055288461538461536
1 0.15745192307692307 0.7331730769230769 0.038461538461538464 0.04326923076923077
1 0.28125 0.6935096153846154 0.036057692307692304 0.04326923076923077
1 0.5396634615384616 0.7211538461538461 0.038461538461538464 0.055288461538461536
1 0.5985576923076923 0.7331730769230769 0.0673076923076923 0.07932692307692307
1 0.4987980769230769 0.6935096153846154 0.040865384615384616 0.06009615384615385
1 0.47836538461538464 0.7247596153846154 0.04326923076923077 0.055288461538461536
1 0.4651442307692308 0.6670673076923077 0.036057692307692304 0.04567307692307692
1 0.42908653846153844 0.9735576923076923 0.09375 0.04807692307692308
1 0.4014423076923077 0.9411057692307693 0.0673076923076923 0.09134615384615384
1 0.1141826923076923 0.9807692307692307 0.0985576923076923 0.03365384615384615
1 0.23076923076923078 0.9867788461538461 0.09134615384615384 0.021634615384615384
1 0.29447115384615385 0.7848557692307693 0.040865384615384616 0.06009615384615385
1 0.25 0.7391826923076923 0.04567307692307692 0.04807692307692308
1 0.07091346153846154 0.7307692307692307 0.036057692307692304 0.04567307692307692
1 0.109375 0.9242788461538461 0.07211538461538461 0.07211538461538461
1 0.33052884615384615 0.7163461538461539 0.04326923076923077 0.04807692307692308
1 0.49158653846153844 0.9110576923076923 0.0625 0.07932692307692307
1 0.5360576923076923 0.9627403846153846 0.07451923076923077 0.07211538461538461
1 0.5913461538461539 0.9411057692307693 0.06009615384615385 0.09134615384615384
1 0.6322115384615384 0.875 0.0625 0.08413461538461539
1 0.3942307692307692 0.8365384615384616 0.10096153846153846 0.07451923076923077
1 0.6502403846153846 0.7716346153846154 0.04326923076923077 0.0625
0 0.234375 0.6334134615384616 0.052884615384615384 0.07692307692307693
0 0.5192307692307693 0.6382211538461539 0.09615384615384616 0.10336538461538461
0 0.7391826923076923 0.7788461538461539 0.1201923076923077 0.16826923076923078