1 0.24519230769230768 0.9362980769230769 0.20192307692307693 0.10336538461538461
1 0.036057692307692304 0.3858173076923077 0.0673076923076923 0.14903846153846154
1 0.14783653846153846 0.33533653846153844 0.055288461538461536 0.09375
1 0.3016826923076923 0.7692307692307693 0.21153846153846154 0.2692307692307692
1 0.3293269230769231 0.5925480769230769 0.15865384615384615 0.1971153846153846
1 0.3786057692307692 0.5456730769230769 0.12740384615384615 0.19951923076923078
1 0.3473557692307692 0.4579326923076923 0.11298076923076923 0.08653846153846154
1 0.34975961538461536 0.4074519230769231 0.10576923076923077 0.06971153846153846
1 0.40384615384615385 0.38100961538461536 0.0985576923076923 0.13942307692307693
1 0.6634615384615384 0.8954326923076923 0.25 0.20432692307692307
1 0.6430288461538461 0.7956730769230769 0.20432692307692307 0.24278846153846154
1 0.5865384615384616 0.6490384615384616 0.17548076923076922 0.21875
1 0.6418269230769231 0.578125 0.13701923076923078 0.18990384615384615
1 0.6105769230769231 0.47836538461538464 0.13942307692307693 0.1466346153846154
1 0.5709134615384616 0.47475961538461536 0.09375 0.15625
1 0.6911057692307693 0.3954326923076923 0.06009615384615385 0.09615384615384616
3 0.6165865384615384 0.35216346153846156 0.11538461538461539 0.19951923076923078
3 0.44350961538461536 0.3269230769230769 0.06971153846153846 0.1658653846153846