1 0.3545673076923077 0.8858173076923077 0.25721153846153844 0.22355769230769232
1 0.7872596153846154 0.8665865384615384 0.25961538461538464 0.19230769230769232
1 0.6706730769230769 0.7163461538461539 0.15865384615384615 0.10336538461538461
1 0.6490384615384616 0.6274038461538461 0.13701923076923078 0.09615384615384616
1 0.39783653846153844 0.7319711538461539 0.14903846153846154 0.10817307692307693
1 0.4014423076923077 0.6466346153846154 0.125 0.06971153846153846
1 0.41586538461538464 0.5853365384615384 0.09615384615384616 0.052884615384615384
1 0.4567307692307692 0.5588942307692307 0.07451923076923077 0.038461538461538464
1 0.09975961538461539 0.8004807692307693 0.19951923076923078 0.19230769230769232
1 0.1971153846153846 0.6550480769230769 0.14903846153846154 0.10336538461538461
1 0.2800480769230769 0.5877403846153846 0.0985576923076923 0.052884615384615384
1 0.31850961538461536 0.5480769230769231 0.08173076923076923 0.04326923076923077
1 0.35697115384615385 0.5096153846153846 0.0625 0.03365384615384615
0 0.5961538461538461 0.5564903846153846 0.1201923076923077 0.09615384615384616
0 0.5360576923076923 0.4807692307692308 0.06009615384615385 0.04326923076923077