1 0.7403846153846154 0.8713942307692307 0.24278846153846154 0.2283653846153846
1 0.6766826923076923 0.7620192307692307 0.22596153846153846 0.2980769230769231
1 0.65625 0.5877403846153846 0.1778846153846154 0.20432692307692307
1 0.9471153846153846 0.3161057692307692 0.08413461538461539 0.18269230769230768
1 0.8557692307692307 0.26322115384615385 0.09134615384615384 0.11298076923076923
1 0.796875 0.2439903846153846 0.0625 0.09375
1 0.7584134615384616 0.23918269230769232 0.055288461538461536 0.08173076923076923
1 0.6237980769230769 0.5012019230769231 0.125 0.1466346153846154
1 0.5925480769230769 0.4266826923076923 0.1346153846153846 0.19471153846153846
1 0.5372596153846154 0.296875 0.07211538461538461 0.11538461538461539
1 0.5228365384615384 0.27884615384615385 0.0625 0.0985576923076923
1 0.29927884615384615 0.7680288461538461 0.22115384615384615 0.2980769230769231
1 0.35336538461538464 0.6454326923076923 0.18269230769230768 0.23076923076923078
1 0.3894230769230769 0.3161057692307692 0.07451923076923077 0.10817307692307693
1 0.23677884615384615 0.34975961538461536 0.08413461538461539 0.12259615384615384
3 0.3173076923076923 0.4579326923076923 0.1778846153846154 0.32211538461538464
3 0.5060096153846154 0.24519230769230768 0.08173076923076923 0.18269230769230768