1 0.3449519230769231 0.8605769230769231 0.2283653846153846 0.27403846153846156
1 0.37740384615384615 0.5853365384615384 0.14903846153846154 0.2091346153846154
1 0.4098557692307692 0.5120192307692307 0.1346153846153846 0.1971153846153846
1 0.4014423076923077 0.4170673076923077 0.13701923076923078 0.08653846153846154
1 0.3954326923076923 0.36899038461538464 0.1201923076923077 0.07932692307692307
1 0.4338942307692308 0.3112980769230769 0.0985576923076923 0.14903846153846154
1 0.7271634615384616 0.8617788461538461 0.21153846153846154 0.2644230769230769
1 0.6490384615384616 0.6370192307692307 0.17307692307692307 0.23557692307692307
1 0.6838942307692307 0.5252403846153846 0.14182692307692307 0.18990384615384615
1 0.6742788461538461 0.42908653846153844 0.1346153846153846 0.16105769230769232
1 0.6201923076923077 0.40865384615384615 0.10096153846153846 0.15625
1 0.7307692307692307 0.2764423076923077 0.040865384615384616 0.09134615384615384
1 0.055288461538461536 0.3317307692307692 0.08413461538461539 0.12259615384615384
1 0.10576923076923077 0.30288461538461536 0.07451923076923077 0.12980769230769232
1 0.16947115384615385 0.27403846153846156 0.06971153846153846 0.10336538461538461
3 0.6622596153846154 0.27163461538461536 0.10336538461538461 0.19471153846153846
3 0.4807692307692308 0.22596153846153846 0.06490384615384616 0.14182692307692307
3 0.5817307692307693 0.25721153846153844 0.057692307692307696 0.10336538461538461