1 0.2920673076923077 0.953125 0.27403846153846156 0.08173076923076923
1 0.7427884615384616 0.9663461538461539 0.24519230769230768 0.0625
1 0.6682692307692307 0.7896634615384616 0.21153846153846154 0.27163461538461536
1 0.7163461538461539 0.6550480769230769 0.16346153846153846 0.21875
1 0.7139423076923077 0.5372596153846154 0.15625 0.19471153846153846
1 0.6538461538461539 0.5024038461538461 0.11298076923076923 0.16826923076923078
1 0.6394230769230769 0.3581730769230769 0.05048076923076923 0.11298076923076923
1 0.7908653846153846 0.3557692307692308 0.055288461538461536 0.10336538461538461
1 0.36538461538461536 0.6983173076923077 0.18509615384615385 0.2403846153846154
1 0.41225961538461536 0.609375 0.16346153846153846 0.22596153846153846
1 0.4230769230769231 0.4987980769230769 0.15384615384615385 0.10817307692307693
1 0.41466346153846156 0.453125 0.12980769230769232 0.11778846153846154
1 0.46153846153846156 0.3786057692307692 0.11057692307692307 0.15865384615384615
1 0.055288461538461536 0.34975961538461536 0.09615384615384616 0.12980769230769232
1 0.1141826923076923 0.3293269230769231 0.08653846153846154 0.12740384615384615
1 0.16105769230769232 0.3076923076923077 0.07692307692307693 0.12740384615384615
1 0.21634615384615385 0.29927884615384615 0.07211538461538461 0.10817307692307693
3 0.7115384615384616 0.3485576923076923 0.12259615384615384 0.20432692307692307
3 0.5264423076923077 0.2764423076923077 0.07211538461538461 0.15384615384615385
3 0.6298076923076923 0.3125 0.06490384615384616 0.10817307692307693