1 0.22956730769230768 0.7019230769230769 0.16105769230769232 0.21153846153846154
1 0.29927884615384615 0.5673076923076923 0.17307692307692307 0.25961538461538464
1 0.05889423076923077 0.2536057692307692 0.08173076923076923 0.1346153846153846
1 0.13942307692307693 0.24639423076923078 0.06490384615384616 0.09134615384615384
1 0.7560096153846154 0.40024038461538464 0.12259615384615384 0.1658653846153846
1 0.5829326923076923 0.45072115384615385 0.13701923076923078 0.17548076923076922
1 0.5600961538461539 0.34615384615384615 0.0889423076923077 0.13221153846153846
1 0.3293269230769231 0.40625 0.11778846153846154 0.17067307692307693
1 0.3449519230769231 0.34134615384615385 0.10336538461538461 0.13221153846153846
3 0.6622596153846154 0.7259615384615384 0.23076923076923078 0.5432692307692307
3 0.3858173076923077 0.25240384615384615 0.09375 0.22115384615384615
3 0.5216346153846154 0.26802884615384615 0.07932692307692307 0.15865384615384615