1 0.6670673076923077 0.8377403846153846 0.22355769230769232 0.2932692307692308
1 0.6286057692307693 0.6862980769230769 0.1875 0.25240384615384615
1 0.6081730769230769 0.6009615384615384 0.1778846153846154 0.23798076923076922
1 0.6370192307692307 0.49278846153846156 0.1466346153846154 0.15865384615384615
1 0.6081730769230769 0.3894230769230769 0.12740384615384615 0.18028846153846154
1 0.5625 0.2932692307692308 0.0673076923076923 0.11778846153846154
1 0.9759615384615384 0.41466346153846156 0.04326923076923077 0.1466346153846154
1 0.9627403846153846 0.38341346153846156 0.06971153846153846 0.13221153846153846
1 0.9194711538461539 0.3425480769230769 0.08653846153846154 0.11538461538461539
1 0.8762019230769231 0.3233173076923077 0.07211538461538461 0.10817307692307693
1 0.8533653846153846 0.3112980769230769 0.0673076923076923 0.11057692307692307
1 0.8161057692307693 0.3004807692307692 0.04807692307692308 0.09375
1 0.2860576923076923 0.8713942307692307 0.24519230769230768 0.23798076923076922
1 0.28966346153846156 0.6911057692307693 0.19230769230769232 0.25
1 0.3076923076923077 0.5384615384615384 0.17307692307692307 0.20673076923076922
1 0.36778846153846156 0.4987980769230769 0.13221153846153846 0.18509615384615385
1 0.43149038461538464 0.32572115384615385 0.06971153846153846 0.11778846153846154
1 0.27524038461538464 0.2860576923076923 0.055288461538461536 0.10336538461538461
3 0.34615384615384615 0.328125 0.15625 0.23557692307692307
3 0.5540865384615384 0.24639423076923078 0.07692307692307693 0.16826923076923078
3 0.44711538461538464 0.265625 0.07211538461538461 0.12740384615384615