1 0.7680288461538461 0.7692307692307693 0.23076923076923078 0.2956730769230769
1 0.6995192307692307 0.6310096153846154 0.19230769230769232 0.2548076923076923
1 0.6622596153846154 0.5540865384615384 0.18269230769230768 0.2403846153846154
1 0.6682692307692307 0.4423076923076923 0.14903846153846154 0.16105769230769232
1 0.6189903846153846 0.3473557692307692 0.12980769230769232 0.18269230769230768
1 0.5552884615384616 0.265625 0.06971153846153846 0.11778846153846154
1 0.9507211538461539 0.2704326923076923 0.057692307692307696 0.12980769230769232
1 0.9098557692307693 0.23918269230769232 0.0889423076923077 0.11778846153846154
1 0.8653846153846154 0.2283653846153846 0.07451923076923077 0.10817307692307693
1 0.8401442307692307 0.22235576923076922 0.06971153846153846 0.11298076923076923
1 0.8016826923076923 0.21995192307692307 0.05048076923076923 0.09375
1 0.4074519230769231 0.8786057692307693 0.25240384615384615 0.23798076923076922
1 0.37259615384615385 0.7055288461538461 0.19951923076923078 0.25240384615384615
1 0.3581730769230769 0.5552884615384616 0.1778846153846154 0.2091346153846154
1 0.40865384615384615 0.5036057692307693 0.1346153846153846 0.18509615384615385
1 0.43509615384615385 0.32091346153846156 0.07211538461538461 0.11778846153846154
1 0.27524038461538464 0.3173076923076923 0.057692307692307696 0.10576923076923077
3 0.35216346153846156 0.34375 0.16105769230769232 0.23798076923076922
3 0.5372596153846154 0.22115384615384615 0.08173076923076923 0.16826923076923078
3 0.4375 0.2620192307692308 0.07451923076923077 0.12740384615384615