1 0.7043269230769231 0.8557692307692307 0.25961538461538464 0.28365384615384615
1 0.23677884615384615 0.859375 0.2620192307692308 0.25240384615384615
1 0.6622596153846154 0.7283653846153846 0.2403846153846154 0.32211538461538464
1 0.6899038461538461 0.5649038461538461 0.19230769230769232 0.23317307692307693
1 0.6742788461538461 0.4831730769230769 0.13701923076923078 0.16346153846153846
1 0.6634615384615384 0.390625 0.15625 0.22596153846153846
1 0.2704326923076923 0.6538461538461539 0.23557692307692307 0.3076923076923077
1 0.359375 0.5528846153846154 0.17548076923076922 0.24278846153846154
1 0.4483173076923077 0.28846153846153844 0.06490384615384616 0.15144230769230768
1 0.28125 0.23317307692307693 0.08653846153846154 0.13942307692307693
1 0.6189903846153846 0.25721153846153844 0.08413461538461539 0.13221153846153846
1 0.9891826923076923 0.31971153846153844 0.016826923076923076 0.14423076923076922
1 0.9591346153846154 0.27163461538461536 0.07692307692307693 0.11538461538461539
1 0.9158653846153846 0.2536057692307692 0.07211538461538461 0.10576923076923077
3 0.3425480769230769 0.35216346153846156 0.20673076923076922 0.3581730769230769
3 0.6021634615384616 0.1875 0.10096153846153846 0.20673076923076922