1 0.2932692307692308 0.7668269230769231 0.23076923076923078 0.2980769230769231
1 0.6502403846153846 0.8653846153846154 0.25721153846153844 0.2644230769230769
1 0.703125 0.7139423076923077 0.20432692307692307 0.2644230769230769
1 0.7163461538461539 0.5637019230769231 0.17307692307692307 0.21153846153846154
1 0.6502403846153846 0.5204326923076923 0.13942307692307693 0.19230769230769232
1 0.6274038461538461 0.3389423076923077 0.0625 0.12740384615384615
1 0.7932692307692307 0.3449519230769231 0.06490384615384616 0.11057692307692307
1 0.056490384615384616 0.2800480769230769 0.08413461538461539 0.12980769230769232
1 0.1045673076923077 0.27163461538461536 0.0889423076923077 0.125
1 0.14302884615384615 0.2548076923076923 0.08173076923076923 0.13221153846153846
1 0.1935096153846154 0.24879807692307693 0.06009615384615385 0.10817307692307693
1 0.35216346153846156 0.6394230769230769 0.19230769230769232 0.2692307692307692
1 0.3798076923076923 0.5480769230769231 0.18269230769230768 0.20673076923076922
1 0.3786057692307692 0.45072115384615385 0.14903846153846154 0.15144230769230768
1 0.42427884615384615 0.3641826923076923 0.13221153846153846 0.18990384615384615
3 0.7079326923076923 0.3485576923076923 0.1466346153846154 0.24278846153846154
3 0.5072115384615384 0.2403846153846154 0.0889423076923077 0.18028846153846154
3 0.6165865384615384 0.28365384615384615 0.07211538461538461 0.13942307692307693