1 0.6622596153846154 0.8942307692307693 0.27163461538461536 0.20673076923076922
1 0.8858173076923077 0.7199519230769231 0.21153846153846154 0.14903846153846154
1 0.7680288461538461 0.6201923076923077 0.125 0.07211538461538461
1 0.7439903846153846 0.5721153846153846 0.10576923076923077 0.04567307692307692
1 0.6995192307692307 0.5348557692307693 0.08173076923076923 0.04326923076923077
1 0.6189903846153846 0.7512019230769231 0.17548076923076922 0.125
1 0.6141826923076923 0.6550480769230769 0.12980769230769232 0.07932692307692307
1 0.625 0.5913461538461539 0.057692307692307696 0.0625
1 0.5721153846153846 0.5637019230769231 0.04326923076923077 0.04567307692307692
1 0.15865384615384615 0.9002403846153846 0.3173076923076923 0.18990384615384615
1 0.3173076923076923 0.7259615384615384 0.18509615384615385 0.125
1 0.3557692307692308 0.6237980769230769 0.11778846153846154 0.10817307692307693
0 0.40625 0.5528846153846154 0.14182692307692307 0.1201923076923077