1 0.027644230769230768 0.8641826923076923 0.055288461538461536 0.2091346153846154
1 0.1045673076923077 0.6790865384615384 0.19230769230769232 0.13221153846153846
1 0.21634615384615385 0.6069711538461539 0.11298076923076923 0.0673076923076923
1 0.23677884615384615 0.5685096153846154 0.10336538461538461 0.04567307692307692
1 0.27403846153846156 0.8978365384615384 0.2860576923076923 0.18990384615384615
1 0.3293269230769231 0.7704326923076923 0.1875 0.14182692307692307
1 0.3449519230769231 0.6778846153846154 0.1466346153846154 0.08653846153846154
1 0.36538461538461536 0.6141826923076923 0.11298076923076923 0.07211538461538461
1 0.4050480769230769 0.5901442307692307 0.09375 0.055288461538461536
1 0.6129807692307693 0.6706730769230769 0.13942307692307693 0.10817307692307693
1 0.6262019230769231 0.7728365384615384 0.1778846153846154 0.12740384615384615
1 0.7427884615384616 0.9134615384615384 0.30288461538461536 0.16826923076923078
2 0.47836538461538464 0.9242788461538461 0.09615384615384616 0.1466346153846154
2 0.4699519230769231 0.6790865384615384 0.052884615384615384 0.07932692307692307
0 0.5649038461538461 0.5949519230769231 0.13221153846153846 0.12980769230769232