1 0.8689903846153846 0.8413461538461539 0.21875 0.24278846153846154
1 0.7728365384615384 0.6610576923076923 0.15625 0.1201923076923077
1 0.6826923076923077 0.5853365384615384 0.10576923076923077 0.06009615384615385
1 0.6574519230769231 0.5456730769230769 0.09375 0.055288461538461536
1 0.6165865384615384 0.5024038461538461 0.07932692307692307 0.04326923076923077
1 0.5853365384615384 0.8798076923076923 0.2668269230769231 0.23557692307692307
1 0.5733173076923077 0.7223557692307693 0.15625 0.11538461538461539
1 0.5492788461538461 0.6346153846153846 0.1346153846153846 0.0889423076923077
1 0.5408653846153846 0.5709134615384616 0.10096153846153846 0.0673076923076923
1 0.5072115384615384 0.5420673076923077 0.08173076923076923 0.052884615384615384
1 0.1466346153846154 0.8233173076923077 0.27884615384615385 0.22115384615384615
1 0.26802884615384615 0.6802884615384616 0.17067307692307693 0.125
1 0.3076923076923077 0.5889423076923077 0.13942307692307693 0.11057692307692307
2 0.3918269230769231 0.7908653846153846 0.07932692307692307 0.12259615384615384
2 0.43509615384615385 0.6346153846153846 0.057692307692307696 0.07932692307692307
2 0.4519230769230769 0.5600961538461539 0.038461538461538464 0.05048076923076923
2 0.4483173076923077 0.5192307692307693 0.038461538461538464 0.038461538461538464
0 0.36658653846153844 0.5216346153846154 0.14182692307692307 0.12740384615384615