1 0.48197115384615385 0.8425480769230769 0.19471153846153846 0.31009615384615385
1 0.78125 0.5432692307692307 0.11538461538461539 0.18990384615384615
1 0.9675480769230769 0.3317307692307692 0.06009615384615385 0.14423076923076922
1 0.6189903846153846 0.6177884615384616 0.14182692307692307 0.27403846153846156
1 0.7836538461538461 0.3076923076923077 0.08413461538461539 0.1201923076923077
1 0.6802884615384616 0.2848557692307692 0.08173076923076923 0.13942307692307693
1 0.5997596153846154 0.36177884615384615 0.07451923076923077 0.15384615384615385
1 0.49278846153846156 0.3870192307692308 0.07932692307692307 0.12740384615384615
1 0.5456730769230769 0.49399038461538464 0.08413461538461539 0.1971153846153846
1 0.9050480769230769 0.11298076923076923 0.0673076923076923 0.08173076923076923
1 0.8473557692307693 0.06610576923076923 0.04807692307692308 0.07932692307692307
1 0.31971153846153844 0.6850961538461539 0.17307692307692307 0.28846153846153844
1 0.06850961538461539 0.8365384615384616 0.13701923076923078 0.28846153846153844
1 0.13221153846153846 0.5925480769230769 0.17067307692307693 0.21875
1 0.3329326923076923 0.44350961538461536 0.11057692307692307 0.1778846153846154
1 0.42788461538461536 0.5420673076923077 0.10096153846153846 0.19230769230769232
1 0.4170673076923077 0.2932692307692308 0.08653846153846154 0.125
1 0.21394230769230768 0.32211538461538464 0.08413461538461539 0.13701923076923078
1 0.46875 0.19951923076923078 0.06009615384615385 0.09375
1 0.5769230769230769 0.20432692307692307 0.05048076923076923 0.09375
1 0.7199519230769231 0.24158653846153846 0.05048076923076923 0.09615384615384616
1 0.7572115384615384 0.2091346153846154 0.05048076923076923 0.09615384615384616
1 0.6334134615384616 0.14423076923076922 0.04807692307692308 0.06009615384615385
1 0.5072115384615384 0.10216346153846154 0.04326923076923077 0.057692307692307696
1 0.6887019230769231 0.18509615384615385 0.04326923076923077 0.057692307692307696
2 0.7259615384615384 0.6971153846153846 0.055288461538461536 0.20192307692307693
2 0.75 0.6081730769230769 0.04326923076923077 0.18509615384615385
2 0.6358173076923077 0.24639423076923078 0.03365384615384615 0.0985576923076923
2 0.5288461538461539 0.14423076923076922 0.021634615384615384 0.08413461538461539
0 0.9519230769230769 0.08052884615384616 0.09134615384615384 0.11298076923076923
0 0.40024038461538464 0.09375 0.09134615384615384 0.17307692307692307
0 0.3173076923076923 0.08052884615384616 0.07211538461538461 0.14182692307692307
0 0.09014423076923077 0.38461538461538464 0.18028846153846154 0.41346153846153844