1 0.018028846153846152 0.4206730769230769 0.036057692307692304 0.10576923076923077
1 0.7067307692307693 0.9471153846153846 0.28125 0.09375
1 0.6033653846153846 0.8762019230769231 0.23557692307692307 0.24278846153846154
1 0.19230769230769232 0.8846153846153846 0.23076923076923078 0.22596153846153846
1 0.21634615384615385 0.7439903846153846 0.15865384615384615 0.20432692307692307
1 0.24759615384615385 0.6346153846153846 0.1778846153846154 0.25240384615384615
1 0.27163461538461536 0.4423076923076923 0.0985576923076923 0.13942307692307693
1 0.29447115384615385 0.4254807692307692 0.08653846153846154 0.14423076923076922
1 0.6598557692307693 0.4423076923076923 0.12740384615384615 0.15384615384615385
1 0.5036057692307693 0.5024038461538461 0.10336538461538461 0.17067307692307693
1 0.47115384615384615 0.43509615384615385 0.10096153846153846 0.14903846153846154
3 0.6081730769230769 0.6442307692307693 0.25721153846153844 0.4567307692307692
3 0.30528846153846156 0.36658653846153844 0.10576923076923077 0.22596153846153846