1 0.7644230769230769 0.8617788461538461 0.21634615384615385 0.22115384615384615
1 0.6706730769230769 0.7103365384615384 0.23557692307692307 0.32211538461538464
1 0.6394230769230769 0.5865384615384616 0.18990384615384615 0.15625
1 0.6213942307692307 0.5048076923076923 0.15625 0.10576923076923077
1 0.5913461538461539 0.49278846153846156 0.15625 0.1875
1 0.5649038461538461 0.42908653846153844 0.13701923076923078 0.1658653846153846
1 0.5492788461538461 0.36658653846153844 0.11778846153846154 0.09615384615384616
1 0.9663461538461539 0.3401442307692308 0.04807692307692308 0.16105769230769232
1 0.9110576923076923 0.29447115384615385 0.10576923076923077 0.15384615384615385
1 0.8028846153846154 0.2644230769230769 0.0985576923076923 0.13942307692307693
1 0.7379807692307693 0.27524038461538464 0.0625 0.07932692307692307
1 0.9471153846153846 0.3161057692307692 0.07451923076923077 0.15144230769230768
1 0.28966346153846156 0.71875 0.1971153846153846 0.24759615384615385
1 0.3125 0.6129807692307693 0.17548076923076922 0.22596153846153846
1 0.0985576923076923 0.5901442307692307 0.17307692307692307 0.22596153846153846
1 0.3112980769230769 0.4723557692307692 0.125 0.16346153846153846
1 0.32572115384615385 0.4206730769230769 0.0985576923076923 0.1346153846153846
3 0.25721153846153844 0.8449519230769231 0.3125 0.30528846153846156
3 0.5036057692307693 0.3269230769230769 0.1466346153846154 0.2668269230769231
3 0.3473557692307692 0.3557692307692308 0.10817307692307693 0.18028846153846154