1 0.23197115384615385 0.7524038461538461 0.18509615384615385 0.2283653846153846
1 0.31850961538461536 0.6165865384615384 0.18990384615384615 0.27163461538461536
1 0.3389423076923077 0.49759615384615385 0.14903846153846154 0.09375
1 0.35336538461538464 0.4495192307692308 0.12980769230769232 0.0889423076923077
1 0.3737980769230769 0.43990384615384615 0.13221153846153846 0.16105769230769232
1 0.39783653846153844 0.3858173076923077 0.11778846153846154 0.14423076923076922
1 0.40865384615384615 0.32091346153846156 0.10336538461538461 0.0673076923076923
1 0.6117788461538461 0.5228365384615384 0.1466346153846154 0.1778846153846154
1 0.6081730769230769 0.4170673076923077 0.10096153846153846 0.13701923076923078
1 0.7848557692307693 0.5144230769230769 0.13942307692307693 0.1778846153846154
1 0.028846153846153848 0.3293269230769231 0.038461538461538464 0.14423076923076922
1 0.07572115384615384 0.29086538461538464 0.0985576923076923 0.14423076923076922
1 0.171875 0.25 0.08653846153846154 0.125
1 0.234375 0.25961538461538464 0.06490384615384616 0.08413461538461539
3 0.65625 0.7848557692307693 0.28846153846153844 0.4254807692307692
3 0.44591346153846156 0.29927884615384615 0.11778846153846154 0.21875
3 0.5757211538461539 0.3245192307692308 0.09134615384615384 0.16105769230769232