1 0.6201923076923077 0.5901442307692307 0.17548076923076922 0.22596153846153846
1 0.3317307692307692 0.6730769230769231 0.1971153846153846 0.25961538461538464
1 0.2848557692307692 0.5444711538461539 0.15625 0.20432692307692307
1 0.29086538461538464 0.4387019230769231 0.14903846153846154 0.18509615384615385
1 0.3485576923076923 0.41225961538461536 0.10336538461538461 0.16826923076923078
1 0.6802884615384616 0.8834134615384616 0.25721153846153844 0.2283653846153846
1 0.265625 0.8918269230769231 0.24278846153846154 0.21153846153846154
1 0.578125 0.5120192307692307 0.14903846153846154 0.2091346153846154
1 0.5757211538461539 0.4110576923076923 0.14423076923076922 0.10336538461538461
1 0.5769230769230769 0.3581730769230769 0.13221153846153846 0.10576923076923077
1 0.5348557692307693 0.2956730769230769 0.10817307692307693 0.14903846153846154
1 0.9567307692307693 0.2920673076923077 0.06971153846153846 0.1346153846153846
1 0.9014423076923077 0.2668269230769231 0.0889423076923077 0.125
1 0.8521634615384616 0.2439903846153846 0.07692307692307693 0.13221153846153846
1 0.7932692307692307 0.22596153846153846 0.07211538461538461 0.10576923076923077
3 0.2920673076923077 0.2668269230769231 0.11778846153846154 0.20192307692307693
3 0.47596153846153844 0.20432692307692307 0.0673076923076923 0.14903846153846154
3 0.37259615384615385 0.23557692307692307 0.06009615384615385 0.10576923076923077