1 0.7548076923076923 0.7728365384615384 0.1875 0.23317307692307693
1 0.6778846153846154 0.6129807692307693 0.19471153846153846 0.27403846153846156
1 0.65625 0.5024038461538461 0.16105769230769232 0.13221153846153846
1 0.6454326923076923 0.43149038461538464 0.1346153846153846 0.08653846153846154
1 0.6189903846153846 0.4182692307692308 0.12980769230769232 0.16105769230769232
1 0.5985576923076923 0.36177884615384615 0.11298076923076923 0.14182692307692307
1 0.5877403846153846 0.30649038461538464 0.10096153846153846 0.07932692307692307
1 0.9591346153846154 0.30408653846153844 0.052884615384615384 0.14423076923076922
1 0.90625 0.25961538461538464 0.08653846153846154 0.13221153846153846
1 0.8125 0.22956730769230768 0.08173076923076923 0.1201923076923077
1 0.7572115384615384 0.23557692307692307 0.052884615384615384 0.06971153846153846
1 0.9447115384615384 0.2824519230769231 0.07451923076923077 0.1346153846153846
1 0.34375 0.6021634615384616 0.16346153846153846 0.2091346153846154
1 0.36899038461538464 0.5096153846153846 0.14423076923076922 0.19230769230769232
1 0.18389423076923078 0.48197115384615385 0.14423076923076922 0.19471153846153846
1 0.375 0.38822115384615385 0.10336538461538461 0.14182692307692307
1 0.3894230769230769 0.34375 0.08173076923076923 0.11538461538461539
3 0.31971153846153844 0.7884615384615384 0.27403846153846156 0.4182692307692308
3 0.5492788461538461 0.2704326923076923 0.11538461538461539 0.2283653846153846
3 0.41225961538461536 0.28966346153846156 0.0889423076923077 0.15625