1 0.90625 0.8353365384615384 0.18269230769230768 0.23317307692307693
1 0.9362980769230769 0.2932692307692308 0.08413461538461539 0.10576923076923077
1 0.27283653846153844 0.5661057692307693 0.1658653846153846 0.2283653846153846
1 0.47716346153846156 0.5997596153846154 0.17307692307692307 0.21875
1 0.484375 0.47475961538461536 0.11778846153846154 0.16826923076923078
1 0.4951923076923077 0.42788461538461536 0.10096153846153846 0.12740384615384615
1 0.8173076923076923 0.6935096153846154 0.23076923076923078 0.3125
1 0.7608173076923077 0.5012019230769231 0.15625 0.20192307692307693
1 0.7283653846153846 0.4362980769230769 0.13701923076923078 0.17067307692307693
3 0.6766826923076923 0.33653846153846156 0.12740384615384615 0.2620192307692308
3 0.515625 0.3701923076923077 0.10817307692307693 0.1875
3 0.41225961538461536 0.8112980769230769 0.31009615384615385 0.37259615384615385