1 0.546875 0.7836538461538461 0.10817307692307693 0.18269230769230768
1 0.9891826923076923 0.4987980769230769 0.016826923076923076 0.0889423076923077
1 0.6153846153846154 0.6598557692307693 0.07451923076923077 0.14182692307692307
1 0.5396634615384616 0.5012019230769231 0.07932692307692307 0.15144230769230768
1 0.4735576923076923 0.6153846153846154 0.09615384615384616 0.15384615384615385
1 0.4362980769230769 0.6959134615384616 0.10576923076923077 0.17307692307692307
1 0.6021634615384616 0.3942307692307692 0.04807692307692308 0.11538461538461539
1 0.5841346153846154 0.33413461538461536 0.038461538461538464 0.07692307692307693
1 0.7632211538461539 0.17668269230769232 0.03125 0.06490384615384616
1 0.6935096153846154 0.203125 0.038461538461538464 0.07451923076923077
1 0.42908653846153844 0.38100961538461536 0.06490384615384616 0.1201923076923077
1 0.3557692307692308 0.5048076923076923 0.08413461538461539 0.13942307692307693
1 0.23197115384615385 0.5 0.09375 0.18269230769230768
1 0.042067307692307696 0.765625 0.08413461538461539 0.2091346153846154
1 0.25841346153846156 0.6346153846153846 0.09134615384615384 0.18509615384615385
2 0.6862980769230769 0.8762019230769231 0.04807692307692308 0.19471153846153846
1 0.515625 0.9170673076923077 0.06490384615384616 0.16105769230769232
1 0.6935096153846154 0.5216346153846154 0.040865384615384616 0.12259615384615384
1 0.7860576923076923 0.24879807692307693 0.019230769230769232 0.06971153846153846
1 0.5396634615384616 0.22355769230769232 0.026442307692307692 0.07692307692307693
1 0.40024038461538464 0.2932692307692308 0.028846153846153848 0.09375
1 0.15384615384615385 0.4879807692307692 0.040865384615384616 0.14903846153846154
1 0.04927884615384615 0.6033653846153846 0.038461538461538464 0.11778846153846154
1 0.7307692307692307 0.29447115384615385 0.040865384615384616 0.07211538461538461