1 0.09975961538461539 0.8677884615384616 0.18509615384615385 0.25721153846153844
1 0.21033653846153846 0.6634615384615384 0.17548076923076922 0.11538461538461539
1 0.30408653846153844 0.5901442307692307 0.11057692307692307 0.0625
1 0.32091346153846156 0.5528846153846154 0.0985576923076923 0.040865384615384616
1 0.3894230769230769 0.8870192307692307 0.27403846153846156 0.22115384615384615
1 0.43028846153846156 0.734375 0.19230769230769232 0.125
1 0.4362980769230769 0.640625 0.14423076923076922 0.07692307692307693
1 0.44591346153846156 0.5805288461538461 0.0985576923076923 0.0625
1 0.4891826923076923 0.5528846153846154 0.08413461538461539 0.04567307692307692
1 0.8461538461538461 0.8617788461538461 0.28365384615384615 0.21394230769230768
1 0.7271634615384616 0.7079326923076923 0.17067307692307693 0.10817307692307693
1 0.6971153846153846 0.6117788461538461 0.13942307692307693 0.10096153846153846
2 0.6069711538461539 0.9134615384615384 0.125 0.1658653846153846
2 0.5540865384615384 0.6478365384615384 0.06009615384615385 0.07932692307692307
2 0.5492788461538461 0.5697115384615384 0.036057692307692304 0.052884615384615384
0 0.640625 0.5456730769230769 0.13942307692307693 0.125