1 0.5817307692307693 0.5889423076923077 0.40865384615384615 0.40384615384615385
1 0.8016826923076923 0.375 0.23798076923076922 0.44471153846153844
1 0.8846153846153846 0.18629807692307693 0.1971153846153846 0.37259615384615385
1 0.84375 0.06971153846153846 0.16346153846153846 0.13942307692307693
1 0.5180288461538461 0.34375 0.18990384615384615 0.21153846153846154
1 0.25240384615384615 0.5625 0.29086538461538464 0.38221153846153844
1 0.18629807692307693 0.8713942307692307 0.2860576923076923 0.25240384615384615
2 0.9314903846153846 0.7848557692307693 0.13221153846153846 0.31490384615384615
2 0.8329326923076923 0.6574519230769231 0.23317307692307693 0.3389423076923077
2 0.6141826923076923 0.6947115384615384 0.1778846153846154 0.34615384615384615
2 0.30649038461538464 0.7151442307692307 0.125 0.35336538461538464
2 0.3701923076923077 0.8449519230769231 0.13701923076923078 0.30528846153846156
0 0.6237980769230769 0.1971153846153846 0.3485576923076923 0.3942307692307692