1 0.5853365384615384 0.7127403846153846 0.15384615384615385 0.21153846153846154
1 0.06370192307692307 0.22956730769230768 0.1201923076923077 0.15625
1 0.20552884615384615 0.10096153846153846 0.07451923076923077 0.10336538461538461
1 0.7896634615384616 0.7752403846153846 0.15865384615384615 0.22355769230769232
1 0.9651442307692307 0.48677884615384615 0.0673076923076923 0.12980769230769232
1 0.9591346153846154 0.10817307692307693 0.07692307692307693 0.15384615384615385
2 0.9242788461538461 0.7391826923076923 0.06971153846153846 0.19471153846153846
2 0.8100961538461539 0.4855769230769231 0.055288461538461536 0.14423076923076922
2 0.7259615384615384 0.47115384615384615 0.05048076923076923 0.18269230769230768
2 0.8509615384615384 0.40024038461538464 0.04567307692307692 0.17548076923076922
2 0.6454326923076923 0.11177884615384616 0.040865384615384616 0.13942307692307693
2 0.4014423076923077 0.43149038461538464 0.057692307692307696 0.16105769230769232
2 0.03365384615384615 0.6117788461538461 0.0673076923076923 0.20432692307692307
2 0.1141826923076923 0.39783653846153844 0.04326923076923077 0.17307692307692307
2 0.5817307692307693 0.04807692307692308 0.038461538461538464 0.09375
2 0.6875 0.046875 0.03365384615384615 0.08653846153846154
0 0.3269230769230769 0.24158653846153846 0.20673076923076922 0.36538461538461536