1 0.4110576923076923 0.8930288461538461 0.2644230769230769 0.2091346153846154
1 0.1971153846153846 0.7331730769230769 0.19471153846153846 0.13942307692307693
1 0.29447115384615385 0.6382211538461539 0.11538461538461539 0.07451923076923077
1 0.3173076923076923 0.5949519230769231 0.0985576923076923 0.052884615384615384
1 0.3545673076923077 0.5612980769230769 0.07692307692307693 0.040865384615384616
1 0.4375 0.7536057692307693 0.17307692307692307 0.12259615384615384
1 0.4338942307692308 0.6694711538461539 0.14182692307692307 0.09134615384615384
1 0.44350961538461536 0.6021634615384616 0.10576923076923077 0.0625
1 0.47475961538461536 0.5793269230769231 0.0889423076923077 0.05048076923076923
1 0.8545673076923077 0.8653846153846154 0.2860576923076923 0.22596153846153846
1 0.6899038461538461 0.7103365384615384 0.12259615384615384 0.11538461538461539
1 0.6742788461538461 0.6165865384615384 0.14182692307692307 0.09615384615384616
0 0.6189903846153846 0.5588942307692307 0.1346153846153846 0.125