1 0.7235576923076923 0.8413461538461539 0.23076923076923078 0.30528846153846156
1 0.6454326923076923 0.6959134615384616 0.18990384615384615 0.2403846153846154
1 0.5528846153846154 0.3137019230769231 0.07932692307692307 0.11298076923076923
1 0.7151442307692307 0.3317307692307692 0.09134615384615384 0.13942307692307693
1 0.30288461538461536 0.8677884615384616 0.23557692307692307 0.25961538461538464
1 0.30288461538461536 0.6911057692307693 0.18269230769230768 0.23557692307692307
1 0.33052884615384615 0.5564903846153846 0.125 0.16346153846153846
1 0.35697115384615385 0.4723557692307692 0.14182692307692307 0.21394230769230768
1 0.3858173076923077 0.31850961538461536 0.07692307692307693 0.11778846153846154
1 0.4050480769230769 0.29927884615384615 0.06490384615384616 0.10817307692307693
1 0.026442307692307692 0.359375 0.052884615384615384 0.17067307692307693
1 0.09495192307692307 0.30528846153846156 0.07932692307692307 0.11057692307692307
1 0.1502403846153846 0.28725961538461536 0.04567307692307692 0.08653846153846154
1 0.18028846153846154 0.27403846153846156 0.05048076923076923 0.07451923076923077
3 0.6514423076923077 0.4807692307692308 0.1658653846153846 0.35096153846153844
3 0.41947115384615385 0.25240384615384615 0.07451923076923077 0.18028846153846154