1 0.6670673076923077 0.7367788461538461 0.17307692307692307 0.23557692307692307
1 0.3581730769230769 0.8125 0.19471153846153846 0.2620192307692308
1 0.3317307692307692 0.6514423076923077 0.15384615384615385 0.21153846153846154
1 0.33533653846153844 0.5252403846153846 0.12980769230769232 0.1658653846153846
1 0.3954326923076923 0.4951923076923077 0.10336538461538461 0.15384615384615385
1 0.4326923076923077 0.3473557692307692 0.04326923076923077 0.10336538461538461
1 0.2932692307692308 0.33413461538461536 0.04807692307692308 0.0889423076923077
1 0.9639423076923077 0.4050480769230769 0.0673076923076923 0.13221153846153846
1 0.9206730769230769 0.35697115384615385 0.07692307692307693 0.10576923076923077
1 0.8737980769230769 0.34375 0.0673076923076923 0.0985576923076923
1 0.8449519230769231 0.32572115384615385 0.06009615384615385 0.10576923076923077
1 0.8028846153846154 0.31490384615384615 0.04326923076923077 0.0889423076923077
1 0.6298076923076923 0.625 0.14423076923076922 0.21634615384615385
1 0.6165865384615384 0.546875 0.14182692307692307 0.16105769230769232
1 0.6298076923076923 0.46634615384615385 0.11538461538461539 0.11778846153846154
1 0.5985576923076923 0.3870192307692308 0.0985576923076923 0.15144230769230768
3 0.3629807692307692 0.3473557692307692 0.10576923076923077 0.1971153846153846
3 0.5432692307692307 0.2776442307692308 0.0625 0.1466346153846154
3 0.44711538461538464 0.3016826923076923 0.05048076923076923 0.11298076923076923