1 0.038461538461538464 0.8353365384615384 0.07692307692307693 0.22355769230769232
1 0.09975961538461539 0.6706730769230769 0.19471153846153846 0.13942307692307693
1 0.20793269230769232 0.609375 0.11778846153846154 0.07692307692307693
1 0.23557692307692307 0.5757211538461539 0.09615384615384616 0.05048076923076923
1 0.28125 0.5456730769230769 0.06971153846153846 0.052884615384615384
1 0.25 0.8966346153846154 0.2956730769230769 0.18269230769230768
1 0.30528846153846156 0.7800480769230769 0.18509615384615385 0.14903846153846154
1 0.328125 0.6911057692307693 0.14903846153846154 0.09615384615384616
1 0.35697115384615385 0.6225961538461539 0.11298076923076923 0.0673076923076923
1 0.3954326923076923 0.6033653846153846 0.08413461538461539 0.052884615384615384
1 0.7139423076923077 0.9254807692307693 0.3076923076923077 0.14423076923076922
1 0.6117788461538461 0.796875 0.1778846153846154 0.13701923076923078
1 0.5961538461538461 0.6947115384615384 0.14903846153846154 0.1201923076923077
2 0.4495192307692308 0.8557692307692307 0.10576923076923077 0.13701923076923078
2 0.4519230769230769 0.6802884615384616 0.05048076923076923 0.07451923076923077
2 0.4567307692307692 0.6153846153846154 0.03365384615384615 0.05048076923076923
0 0.5540865384615384 0.6189903846153846 0.15625 0.1346153846153846