1 0.055288461538461536 0.8425480769230769 0.09375 0.23076923076923078
1 0.2980769230769231 0.8966346153846154 0.27884615384615385 0.20192307692307693
1 0.7872596153846154 0.8822115384615384 0.31009615384615385 0.22596153846153846
1 0.10817307692307693 0.6646634615384616 0.17067307692307693 0.11538461538461539
1 0.203125 0.5889423076923077 0.10576923076923077 0.0673076923076923
1 0.23557692307692307 0.5432692307692307 0.08653846153846154 0.04567307692307692
1 0.28846153846153844 0.5 0.07692307692307693 0.040865384615384616
1 0.33774038461538464 0.75 0.18509615384615385 0.1346153846153846
1 0.6526442307692307 0.7211538461538461 0.19471153846153846 0.125
1 0.3449519230769231 0.6478365384615384 0.15384615384615385 0.08413461538461539
1 0.36177884615384615 0.5817307692307693 0.11538461538461539 0.07211538461538461
1 0.6213942307692307 0.6165865384615384 0.16346153846153846 0.11057692307692307
1 0.39783653846153844 0.5456730769230769 0.07932692307692307 0.04326923076923077
1 0.40384615384615385 0.5192307692307693 0.07451923076923077 0.03125
2 0.5012019230769231 0.7439903846153846 0.07451923076923077 0.10336538461538461
2 0.4675480769230769 0.6153846153846154 0.04567307692307692 0.0673076923076923
2 0.4675480769230769 0.5637019230769231 0.036057692307692304 0.04807692307692308
2 0.46274038461538464 0.5252403846153846 0.028846153846153848 0.040865384615384616
0 0.5588942307692307 0.5396634615384616 0.1466346153846154 0.12259615384615384
0 0.4891826923076923 0.4579326923076923 0.08173076923076923 0.0625