1 0.35216346153846156 0.6610576923076923 0.15625 0.20673076923076922
1 0.6298076923076923 0.7259615384615384 0.1778846153846154 0.2403846153846154
1 0.6694711538461539 0.6021634615384616 0.13942307692307693 0.1875
1 0.6586538461538461 0.5012019230769231 0.13221153846153846 0.17307692307692307
1 0.6009615384615384 0.47836538461538464 0.09134615384615384 0.15625
1 0.31009615384615385 0.9194711538461539 0.23557692307692307 0.15865384615384615
1 0.7067307692307693 0.9170673076923077 0.21634615384615385 0.16346153846153846
1 0.38822115384615385 0.5841346153846154 0.1346153846153846 0.19230769230769232
1 0.38461538461538464 0.4879807692307692 0.1346153846153846 0.09134615384615384
1 0.38100961538461536 0.4387019230769231 0.1201923076923077 0.09615384615384616
1 0.4182692307692308 0.3762019230769231 0.09615384615384616 0.13701923076923078
1 0.02283653846153846 0.3942307692307692 0.04567307692307692 0.125
1 0.0673076923076923 0.36658653846153844 0.07692307692307693 0.11538461538461539
1 0.1141826923076923 0.3425480769230769 0.0673076923076923 0.12259615384615384
1 0.16826923076923078 0.32211538461538464 0.06490384615384616 0.0985576923076923
3 0.6490384615384616 0.33653846153846156 0.10336538461538461 0.1875
3 0.4699519230769231 0.2860576923076923 0.057692307692307696 0.13942307692307693
3 0.5697115384615384 0.3112980769230769 0.052884615384615384 0.0985576923076923