1 0.5709134615384616 0.9206730769230769 0.2091346153846154 0.15384615384615385
1 0.5072115384615384 0.7920673076923077 0.22115384615384615 0.3293269230769231
1 0.5216346153846154 0.6430288461538461 0.18028846153846154 0.10817307692307693
1 0.5180288461538461 0.5817307692307693 0.15865384615384615 0.10336538461538461
1 0.4987980769230769 0.5625 0.15625 0.19230769230769232
1 0.4855769230769231 0.49158653846153844 0.13701923076923078 0.17307692307692307
1 0.49278846153846156 0.4098557692307692 0.12740384615384615 0.07692307692307693
1 0.18509615384615385 0.5853365384615384 0.17307692307692307 0.21394230769230768
1 0.22355769230769232 0.46153846153846156 0.11778846153846154 0.1658653846153846
1 0.03245192307692308 0.5264423076923077 0.06490384615384616 0.21153846153846154
1 0.9603365384615384 0.5444711538461539 0.07451923076923077 0.18990384615384615
1 0.9014423076923077 0.4807692307692308 0.11538461538461539 0.17307692307692307
1 0.7980769230769231 0.40024038461538464 0.10096153846153846 0.15144230769230768
1 0.7211538461538461 0.39302884615384615 0.07692307692307693 0.10096153846153846
3 0.10336538461538461 0.8004807692307693 0.20673076923076922 0.33653846153846156
3 0.4567307692307692 0.37259615384615385 0.13221153846153846 0.2668269230769231
3 0.2932692307692308 0.3605769230769231 0.10336538461538461 0.1971153846153846