0 0.375 0.8581730769230769 0.18269230769230768 0.15625
0 0.6213942307692307 0.90625 0.17307692307692307 0.14423076923076922
0 0.6370192307692307 0.8209134615384616 0.13942307692307693 0.16826923076923078
0 0.8774038461538461 0.8016826923076923 0.15384615384615385 0.2091346153846154
0 0.4675480769230769 0.7584134615384616 0.1346153846153846 0.23557692307692307
0 0.3293269230769231 0.7067307692307693 0.15144230769230768 0.18509615384615385
0 0.6057692307692307 0.7211538461538461 0.1658653846153846 0.23317307692307693
0 0.3894230769230769 0.640625 0.15625 0.16105769230769232
0 0.20552884615384615 0.7764423076923077 0.16346153846153846 0.19471153846153846
0 0.21634615384615385 0.6322115384615384 0.16346153846153846 0.16105769230769232
0 0.38822115384615385 0.48197115384615385 0.10336538461538461 0.15144230769230768
0 0.41346153846153844 0.34375 0.08413461538461539 0.10576923076923077
0 0.49278846153846156 0.2824519230769231 0.0889423076923077 0.09375
0 0.36177884615384615 0.22115384615384615 0.07211538461538461 0.08173076923076923
0 0.4651442307692308 0.18629807692307693 0.057692307692307696 0.0673076923076923
0 0.38822115384615385 0.17427884615384615 0.06009615384615385 0.055288461538461536
0 0.5673076923076923 0.5264423076923077 0.27403846153846156 0.34375
0 0.8040865384615384 0.5588942307692307 0.19471153846153846 0.32211538461538464