1 0.15504807692307693 0.7524038461538461 0.2283653846153846 0.17548076923076922
1 0.25841346153846156 0.6370192307692307 0.13221153846153846 0.0889423076923077
1 0.2860576923076923 0.5877403846153846 0.09134615384615384 0.057692307692307696
1 0.328125 0.5444711538461539 0.09134615384615384 0.055288461538461536
1 0.703125 0.5913461538461539 0.16826923076923078 0.12740384615384615
1 0.7427884615384616 0.6923076923076923 0.18028846153846154 0.14182692307692307
1 0.875 0.8497596153846154 0.24519230769230768 0.22355769230769232
1 0.4735576923076923 0.5564903846153846 0.08413461538461539 0.055288461538461536
1 0.4338942307692308 0.5913461538461539 0.10576923076923077 0.07692307692307693
1 0.4266826923076923 0.6598557692307693 0.1466346153846154 0.0985576923076923
1 0.4362980769230769 0.7560096153846154 0.20432692307692307 0.14903846153846154
1 0.41466346153846156 0.8942307692307693 0.3293269230769231 0.20673076923076922
0 0.6286057692307693 0.5252403846153846 0.16826923076923078 0.14423076923076922