1 0.5516826923076923 0.75 0.14903846153846154 0.19230769230769232
1 0.9387019230769231 0.2932692307692308 0.09134615384615384 0.14182692307692307
1 0.8197115384615384 0.19471153846153846 0.07451923076923077 0.09375
1 0.38341346153846156 0.8221153846153846 0.15384615384615385 0.20432692307692307
1 0.12620192307692307 0.7175480769230769 0.12259615384615384 0.18028846153846154
1 0.1778846153846154 0.59375 0.12740384615384615 0.12259615384615384
1 0.1778846153846154 0.26802884615384615 0.08413461538461539 0.13701923076923078
1 0.03245192307692308 0.28966346153846156 0.06490384615384616 0.12259615384615384
2 0.2644230769230769 0.8040865384615384 0.07692307692307693 0.17067307692307693
2 0.05048076923076923 0.765625 0.06009615384615385 0.17067307692307693
2 0.3389423076923077 0.5769230769230769 0.057692307692307696 0.12740384615384615
2 0.40865384615384615 0.5576923076923077 0.06009615384615385 0.15865384615384615
2 0.296875 0.5084134615384616 0.055288461538461536 0.15384615384615385
2 0.1466346153846154 0.40625 0.04326923076923077 0.12259615384615384
2 0.44711538461538464 0.24278846153846154 0.04807692307692308 0.12259615384615384
2 0.6814903846153846 0.49399038461538464 0.0625 0.14182692307692307
2 0.9855769230769231 0.6165865384615384 0.02403846153846154 0.18028846153846154
2 0.9230769230769231 0.43990384615384615 0.052884615384615384 0.15144230769230768
2 0.4951923076923077 0.17427884615384615 0.038461538461538464 0.09134615384615384
2 0.40384615384615385 0.18389423076923078 0.03365384615384615 0.08653846153846154
0 0.7295673076923077 0.3269230769230769 0.2091346153846154 0.3293269230769231