1 0.9278846153846154 0.7139423076923077 0.1201923076923077 0.16826923076923078
1 0.8557692307692307 0.5949519230769231 0.15384615384615385 0.0889423076923077
1 0.8209134615384616 0.5372596153846154 0.11538461538461539 0.0625
1 0.7692307692307693 0.484375 0.09375 0.055288461538461536
1 0.7115384615384616 0.8798076923076923 0.3317307692307692 0.23557692307692307
1 0.6802884615384616 0.7247596153846154 0.21394230769230768 0.15144230769230768
1 0.671875 0.6177884615384616 0.17548076923076922 0.10817307692307693
1 0.6610576923076923 0.546875 0.14423076923076922 0.0889423076923077
1 0.6213942307692307 0.5084134615384616 0.0985576923076923 0.057692307692307696
1 0.17067307692307693 0.8653846153846154 0.34134615384615385 0.24519230769230768
1 0.3293269230769231 0.6983173076923077 0.21153846153846154 0.15384615384615385
1 0.3858173076923077 0.5697115384615384 0.16826923076923078 0.13701923076923078
0 0.45072115384615385 0.48677884615384615 0.1658653846153846 0.14423076923076922