1 0.8016826923076923 0.8137019230769231 0.23798076923076922 0.3076923076923077
1 0.7848557692307693 0.5985576923076923 0.20673076923076922 0.25961538461538464
1 0.7055288461538461 0.5228365384615384 0.14903846153846154 0.21634615384615385
1 0.6298076923076923 0.2932692307692308 0.0625 0.1346153846153846
1 0.7932692307692307 0.25 0.052884615384615384 0.12259615384615384
1 0.39302884615384615 0.8040865384615384 0.22596153846153846 0.31009615384615385
1 0.42788461538461536 0.6646634615384616 0.2091346153846154 0.28125
1 0.4026442307692308 0.5252403846153846 0.17548076923076922 0.19951923076923078
1 0.43149038461538464 0.38461538461538464 0.13221153846153846 0.20192307692307693
1 0.47475961538461536 0.25841346153846156 0.07932692307692307 0.12980769230769232
1 0.0625 0.3293269230769231 0.10096153846153846 0.1346153846153846
1 0.14182692307692307 0.2776442307692308 0.07451923076923077 0.10096153846153846
1 0.19110576923076922 0.265625 0.055288461538461536 0.10096153846153846
3 0.7199519230769231 0.33653846153846156 0.17067307692307693 0.2956730769230769
3 0.4891826923076923 0.20192307692307693 0.08413461538461539 0.18509615384615385