1 0.4182692307692308 0.6850961538461539 0.23076923076923078 0.3125
1 0.8509615384615384 0.859375 0.28365384615384615 0.2764423076923077
1 0.8052884615384616 0.6935096153846154 0.21153846153846154 0.29086538461538464
1 0.7295673076923077 0.5 0.18269230769230768 0.2403846153846154
1 0.7740384615384616 0.4050480769230769 0.14423076923076922 0.19951923076923078
1 0.7487980769230769 0.29927884615384615 0.14423076923076922 0.15384615384615385
1 0.7019230769230769 0.2860576923076923 0.10096153846153846 0.1658653846153846
1 0.4387019230769231 0.453125 0.16346153846153846 0.22596153846153846
1 0.48197115384615385 0.3894230769230769 0.13221153846153846 0.21634615384615385
1 0.5012019230769231 0.18870192307692307 0.10096153846153846 0.14903846153846154
1 0.8245192307692307 0.17307692307692307 0.04326923076923077 0.10576923076923077
1 0.015625 0.2692307692307692 0.028846153846153848 0.16346153846153846
1 0.04927884615384615 0.22716346153846154 0.09134615384615384 0.1658653846153846
1 0.13701923076923078 0.18389423076923078 0.0985576923076923 0.13221153846153846
1 0.25841346153846156 0.14302884615384615 0.04807692307692308 0.09134615384615384
3 0.7463942307692307 0.14903846153846154 0.11057692307692307 0.21394230769230768
3 0.5480769230769231 0.109375 0.0673076923076923 0.15625
3 0.6670673076923077 0.14903846153846154 0.057692307692307696 0.1201923076923077