1 0.38100961538461536 0.9519230769230769 0.2668269230769231 0.09134615384615384
1 0.38341346153846156 0.8413461538461539 0.22115384615384615 0.2932692307692308
1 0.40024038461538464 0.6466346153846154 0.14423076923076922 0.1778846153846154
1 0.42788461538461536 0.5480769230769231 0.16826923076923078 0.23557692307692307
1 0.4387019230769231 0.375 0.09615384615384616 0.13701923076923078
1 0.46153846153846156 0.34975961538461536 0.07692307692307693 0.12259615384615384
1 0.078125 0.4110576923076923 0.11538461538461539 0.16826923076923078
1 0.171875 0.3605769230769231 0.08173076923076923 0.10576923076923077
1 0.21634615384615385 0.3473557692307692 0.04807692307692308 0.0889423076923077
1 0.7608173076923077 0.8100961538461539 0.23317307692307693 0.28365384615384615
1 0.8641826923076923 0.8918269230769231 0.2644230769230769 0.16346153846153846
1 0.6478365384615384 0.4206730769230769 0.10336538461538461 0.15625
1 0.6177884615384616 0.34975961538461536 0.09134615384615384 0.12259615384615384
1 0.7920673076923077 0.3557692307692308 0.11778846153846154 0.14182692307692307
3 0.7487980769230769 0.5528846153846154 0.21634615384615385 0.4182692307692308
3 0.46875 0.296875 0.09615384615384616 0.19471153846153846