1 0.2824519230769231 0.9278846153846154 0.25721153846153844 0.13942307692307693
1 0.32572115384615385 0.8365384615384616 0.23317307692307693 0.30288461538461536
1 0.3449519230769231 0.7175480769230769 0.21634615384615385 0.27884615384615385
1 0.31009615384615385 0.5925480769230769 0.17307692307692307 0.19230769230769232
1 0.3245192307692308 0.4651442307692308 0.14903846153846154 0.20673076923076922
1 0.3629807692307692 0.34975961538461536 0.07932692307692307 0.1201923076923077
1 0.703125 0.8112980769230769 0.23557692307692307 0.29086538461538464
1 0.6706730769230769 0.625 0.21153846153846154 0.2620192307692308
1 0.6009615384615384 0.5733173076923077 0.16105769230769232 0.22115384615384615
1 0.5036057692307693 0.36177884615384615 0.08173076923076923 0.13221153846153846
1 0.6622596153846154 0.30528846153846156 0.07211538461538461 0.13221153846153846
1 0.010817307692307692 0.4362980769230769 0.021634615384615384 0.12259615384615384
1 0.03365384615384615 0.40384615384615385 0.0673076923076923 0.11538461538461539
1 0.06490384615384616 0.3858173076923077 0.08173076923076923 0.11057692307692307
1 0.11658653846153846 0.3641826923076923 0.05048076923076923 0.07932692307692307
3 0.6033653846153846 0.390625 0.19951923076923078 0.2932692307692308
3 0.3701923076923077 0.2956730769230769 0.10817307692307693 0.1875
3 0.48197115384615385 0.3004807692307692 0.08653846153846154 0.12980769230769232