1 0.36538461538461536 0.8930288461538461 0.2692307692307692 0.2091346153846154
1 0.17668269230769232 0.6826923076923077 0.18269230769230768 0.12980769230769232
1 0.2932692307692308 0.6057692307692307 0.10817307692307693 0.06490384615384616
1 0.3293269230769231 0.5673076923076923 0.09615384615384616 0.04567307692307692
1 0.3629807692307692 0.5384615384615384 0.07692307692307693 0.04326923076923077
1 0.41225961538461536 0.7512019230769231 0.17548076923076922 0.12259615384615384
1 0.43149038461538464 0.6610576923076923 0.14182692307692307 0.07932692307692307
1 0.4519230769230769 0.5985576923076923 0.10576923076923077 0.06490384615384616
1 0.4891826923076923 0.5805288461538461 0.07932692307692307 0.04567307692307692
1 0.8269230769230769 0.9086538461538461 0.2932692307692308 0.1778846153846154
1 0.7103365384615384 0.7512019230769231 0.17067307692307693 0.1201923076923077
1 0.6911057692307693 0.6514423076923077 0.13701923076923078 0.10576923076923077
2 0.6165865384615384 0.9675480769230769 0.10817307692307693 0.06009615384615385
0 0.6358173076923077 0.5829326923076923 0.12740384615384615 0.12259615384615384