1 0.2860576923076923 0.7848557692307693 0.16826923076923078 0.21394230769230768
1 0.02403846153846154 0.34134615384615385 0.04807692307692308 0.15384615384615385
1 0.11298076923076923 0.2776442307692308 0.07692307692307693 0.1346153846153846
1 0.19110576923076922 0.2704326923076923 0.0673076923076923 0.09134615384615384
1 0.8533653846153846 0.42788461538461536 0.12980769230769232 0.1971153846153846
1 0.6670673076923077 0.4891826923076923 0.1346153846153846 0.1875
1 0.6418269230769231 0.3737980769230769 0.09134615384615384 0.14903846153846154
1 0.6237980769230769 0.3317307692307692 0.07692307692307693 0.11057692307692307
1 0.36177884615384615 0.6274038461538461 0.1778846153846154 0.27403846153846156
1 0.3870192307692308 0.43990384615384615 0.12259615384615384 0.17548076923076922
1 0.4074519230769231 0.3737980769230769 0.10817307692307693 0.1466346153846154
3 0.4411057692307692 0.27283653846153844 0.08653846153846154 0.2403846153846154
3 0.5961538461538461 0.2800480769230769 0.07692307692307693 0.16826923076923078
3 0.7620192307692307 0.7584134615384616 0.23798076923076922 0.4807692307692308