1 0.29927884615384615 0.7403846153846154 0.2403846153846154 0.30528846153846156
1 0.7055288461538461 0.8497596153846154 0.28365384615384615 0.27884615384615385
1 0.6466346153846154 0.7043269230769231 0.22355769230769232 0.28365384615384615
1 0.5576923076923077 0.5396634615384616 0.18990384615384615 0.23557692307692307
1 0.5865384615384616 0.4495192307692308 0.15144230769230768 0.19471153846153846
1 0.5528846153846154 0.3581730769230769 0.1466346153846154 0.15384615384615385
1 0.5096153846153846 0.35096153846153844 0.10817307692307693 0.15865384615384615
1 0.2920673076923077 0.5300480769230769 0.17067307692307693 0.21875
1 0.3233173076923077 0.4675480769230769 0.14182692307692307 0.2091346153846154
1 0.31850961538461536 0.2860576923076923 0.10576923076923077 0.14423076923076922
1 0.6069711538461539 0.23798076923076922 0.052884615384615384 0.0985576923076923
1 0.02283653846153846 0.32211538461538464 0.04567307692307692 0.12980769230769232
1 0.09495192307692307 0.27283653846153844 0.055288461538461536 0.08653846153846154
3 0.5336538461538461 0.22355769230769232 0.12259615384615384 0.20432692307692307
3 0.35216346153846156 0.2091346153846154 0.07932692307692307 0.1466346153846154
3 0.4639423076923077 0.23197115384615385 0.06490384615384616 0.11538461538461539