1 0.1814903846153846 0.8978365384615384 0.19951923076923078 0.19951923076923078
1 0.24639423076923078 0.7451923076923077 0.20192307692307693 0.3125
1 0.24158653846153846 0.5997596153846154 0.17067307692307693 0.0985576923076923
1 0.24639423076923078 0.5408653846153846 0.15144230769230768 0.09375
1 0.26802884615384615 0.5228365384615384 0.14423076923076922 0.18269230769230768
1 0.28365384615384615 0.4543269230769231 0.12740384615384615 0.1658653846153846
1 0.28125 0.3737980769230769 0.1201923076923077 0.06971153846153846
1 0.5721153846153846 0.5612980769230769 0.16105769230769232 0.20192307692307693
1 0.5396634615384616 0.4387019230769231 0.10817307692307693 0.15625
1 0.7740384615384616 0.5084134615384616 0.15144230769230768 0.20192307692307693
1 0.015625 0.3485576923076923 0.03125 0.14423076923076922
1 0.05889423076923077 0.3449519230769231 0.06971153846153846 0.09375
3 0.6911057692307693 0.8052884615384616 0.28365384615384615 0.38221153846153844
3 0.31850961538461536 0.3401442307692308 0.11538461538461539 0.25721153846153844
3 0.47836538461538464 0.33774038461538464 0.09134615384615384 0.1875