1 0.21634615384615385 0.859375 0.22115384615384615 0.2764423076923077
1 0.6538461538461539 0.8882211538461539 0.23076923076923078 0.21875
1 0.2668269230769231 0.7307692307692307 0.20192307692307693 0.2860576923076923
1 0.2536057692307692 0.5757211538461539 0.16346153846153846 0.20673076923076922
1 0.27524038461538464 0.5012019230769231 0.11778846153846154 0.14423076923076922
1 0.2932692307692308 0.41466346153846156 0.12980769230769232 0.20192307692307693
1 0.6382211538461539 0.6923076923076923 0.1971153846153846 0.27403846153846156
1 0.5637019230769231 0.5913461538461539 0.1466346153846154 0.21634615384615385
1 0.5024038461538461 0.33774038461538464 0.05048076923076923 0.13942307692307693
1 0.6622596153846154 0.29927884615384615 0.06971153846153846 0.125
1 0.34615384615384615 0.29447115384615385 0.06971153846153846 0.11778846153846154
1 0.030048076923076924 0.27884615384615385 0.06009615384615385 0.10096153846153846
1 0.06850961538461539 0.2668269230769231 0.06009615384615385 0.09375
3 0.5961538461538461 0.40625 0.1658653846153846 0.3245192307692308
3 0.36658653846153844 0.23197115384615385 0.07692307692307693 0.18990384615384615