1 0.19951923076923078 0.5841346153846154 0.14903846153846154 0.21394230769230768
1 0.3329326923076923 0.5805288461538461 0.11298076923076923 0.3004807692307692
1 0.3605769230769231 0.4579326923076923 0.11298076923076923 0.18028846153846154
1 0.5108173076923077 0.3858173076923077 0.07692307692307693 0.12740384615384615
1 0.5805288461538461 0.5492788461538461 0.09615384615384616 0.21875
1 0.5697115384615384 0.9002403846153846 0.23076923076923078 0.19471153846153846
1 0.7451923076923077 0.7956730769230769 0.23798076923076922 0.3293269230769231
1 0.6382211538461539 0.3762019230769231 0.09615384615384616 0.14182692307692307
1 0.5120192307692307 0.140625 0.07451923076923077 0.07451923076923077
1 0.6682692307692307 0.21394230769230768 0.08653846153846154 0.09615384615384616
1 0.8822115384615384 0.1502403846153846 0.08653846153846154 0.07211538461538461
2 0.6634615384615384 0.4807692307692308 0.04807692307692308 0.2091346153846154
2 0.84375 0.6850961538461539 0.07932692307692307 0.24759615384615385
2 0.34375 0.08413461538461539 0.014423076923076924 0.052884615384615384
2 0.3016826923076923 0.08533653846153846 0.016826923076923076 0.05048076923076923
2 0.9411057692307693 0.14903846153846154 0.036057692307692304 0.0673076923076923
0 0.8737980769230769 0.05048076923076923 0.0625 0.07932692307692307
3 0.4951923076923077 0.6358173076923077 0.15865384615384615 0.36538461538461536