1 0.7596153846153846 0.8221153846153846 0.17067307692307693 0.33413461538461536
1 0.5420673076923077 0.9278846153846154 0.20432692307692307 0.13942307692307693
1 0.4182692307692308 0.5805288461538461 0.1466346153846154 0.1971153846153846
1 0.640625 0.125 0.0625 0.07211538461538461
1 0.046875 0.36899038461538464 0.09375 0.13221153846153846
1 0.0829326923076923 0.14783653846153846 0.04326923076923077 0.052884615384615384
2 0.41466346153846156 0.8786057692307693 0.0985576923076923 0.23798076923076922
2 0.9134615384615384 0.7355769230769231 0.07692307692307693 0.2403846153846154
2 0.546875 0.5132211538461539 0.0625 0.1658653846153846
2 0.21033653846153846 0.9591346153846154 0.11298076923076923 0.07692307692307693
2 0.6189903846153846 0.32572115384615385 0.07211538461538461 0.1201923076923077
2 0.7103365384615384 0.0733173076923077 0.01201923076923077 0.040865384615384616
2 0.6754807692307693 0.0889423076923077 0.019230769230769232 0.04807692307692308
2 0.5721153846153846 0.11538461538461539 0.02403846153846154 0.06009615384615385
2 0.2644230769230769 0.203125 0.04326923076923077 0.07692307692307693
3 0.28725961538461536 0.35216346153846156 0.23557692307692307 0.20432692307692307
3 0.027644230769230768 0.12379807692307693 0.055288461538461536 0.12259615384615384
3 0.15264423076923078 0.2548076923076923 0.15384615384615385 0.13221153846153846