1 0.3798076923076923 0.8353365384615384 0.14903846153846154 0.3269230769230769
1 0.5745192307692307 0.8557692307692307 0.1658653846153846 0.28365384615384615
1 0.7067307692307693 0.5769230769230769 0.13701923076923078 0.18990384615384615
1 0.5288461538461539 0.3161057692307692 0.12980769230769232 0.10576923076923077
1 0.5384615384615384 0.16947115384615385 0.04326923076923077 0.052884615384615384
1 0.41947115384615385 0.109375 0.038461538461538464 0.057692307692307696
1 0.7199519230769231 0.17307692307692307 0.057692307692307696 0.06971153846153846
1 0.7908653846153846 0.20793269230769232 0.08413461538461539 0.08173076923076923
2 0.2932692307692308 0.7199519230769231 0.0625 0.2403846153846154
2 0.3545673076923077 0.5709134615384616 0.055288461538461536 0.17307692307692307
2 0.5733173076923077 0.6189903846153846 0.052884615384615384 0.1778846153846154
2 0.7007211538461539 0.7211538461538461 0.07211538461538461 0.23317307692307693
2 0.5805288461538461 0.5144230769230769 0.05048076923076923 0.16346153846153846