1 0.28846153846153844 0.8341346153846154 0.13942307692307693 0.32211538461538464
1 0.4795673076923077 0.8689903846153846 0.1658653846153846 0.25721153846153844
1 0.6057692307692307 0.5853365384615384 0.12740384615384615 0.18509615384615385
1 0.5877403846153846 0.35216346153846156 0.12980769230769232 0.10817307692307693
1 0.3449519230769231 0.1502403846153846 0.036057692307692304 0.052884615384615384
1 0.6826923076923077 0.21995192307692307 0.06009615384615385 0.07692307692307693
2 0.17307692307692307 0.7824519230769231 0.06009615384615385 0.2403846153846154
2 0.23557692307692307 0.6033653846153846 0.0625 0.16826923076923078
2 0.48197115384615385 0.5276442307692307 0.04567307692307692 0.1658653846153846
2 0.5048076923076923 0.65625 0.040865384615384616 0.16105769230769232
2 0.6382211538461539 0.7872596153846154 0.06490384615384616 0.23798076923076922
3 0.17908653846153846 0.3269230769230769 0.20673076923076922 0.18028846153846154
3 0.9591346153846154 0.15144230769230768 0.052884615384615384 0.10817307692307693