1 0.25841346153846156 0.8341346153846154 0.17548076923076922 0.23798076923076922
1 0.39663461538461536 0.8293269230769231 0.18028846153846154 0.2620192307692308
1 0.44711538461538464 0.9639423076923077 0.17307692307692307 0.0673076923076923
1 0.6286057692307693 0.6634615384615384 0.13701923076923078 0.18028846153846154
1 0.5552884615384616 0.2848557692307692 0.038461538461538464 0.04807692307692308
1 0.5384615384615384 0.2668269230769231 0.02403846153846154 0.03365384615384615
1 0.5192307692307693 0.22115384615384615 0.021634615384615384 0.03365384615384615
1 0.5661057692307693 0.22115384615384615 0.021634615384615384 0.036057692307692304
1 0.7548076923076923 0.45913461538461536 0.125 0.11298076923076923
1 0.7980769230769231 0.5036057692307693 0.14423076923076922 0.11298076923076923
2 0.021634615384615384 0.8245192307692307 0.04326923076923077 0.19230769230769232
2 0.23677884615384615 0.6298076923076923 0.08173076923076923 0.15865384615384615
2 0.3545673076923077 0.6286057692307693 0.09134615384615384 0.17307692307692307
2 0.6225961538461539 0.53125 0.0673076923076923 0.10576923076923077
2 0.5096153846153846 0.23677884615384615 0.016826923076923076 0.028846153846153848
2 0.5252403846153846 0.24278846153846154 0.01201923076923077 0.028846153846153848
0 0.5540865384615384 0.43149038461538464 0.34615384615384615 0.2860576923076923
3 0.109375 0.8209134615384616 0.1971153846153846 0.2548076923076923
3 0.7079326923076923 0.8509615384615384 0.21394230769230768 0.2932692307692308