1 0.7415865384615384 0.8028846153846154 0.1778846153846154 0.25961538461538464
1 0.5997596153846154 0.7908653846153846 0.17307692307692307 0.2668269230769231
1 0.5528846153846154 0.9495192307692307 0.19230769230769232 0.09615384615384616
1 0.3401442307692308 0.7163461538461539 0.14903846153846154 0.20673076923076922
1 0.6935096153846154 0.39663461538461536 0.09134615384615384 0.10336538461538461
1 0.6754807692307693 0.375 0.11778846153846154 0.10576923076923077
1 0.484375 0.38100961538461536 0.13942307692307693 0.11778846153846154
1 0.3485576923076923 0.3137019230769231 0.08413461538461539 0.06971153846153846
1 0.43149038461538464 0.25721153846153844 0.040865384615384616 0.0625
1 0.4795673076923077 0.234375 0.04807692307692308 0.0625
1 0.4879807692307692 0.2091346153846154 0.038461538461538464 0.04807692307692308
1 0.44350961538461536 0.18509615384615385 0.028846153846153848 0.038461538461538464
2 0.9819711538461539 0.8088942307692307 0.03125 0.21875
2 0.6550480769230769 0.5877403846153846 0.08173076923076923 0.17067307692307693
2 0.3858173076923077 0.5264423076923077 0.057692307692307696 0.11538461538461539
2 0.36658653846153844 0.48197115384615385 0.057692307692307696 0.12259615384615384
2 0.28125 0.47115384615384615 0.09375 0.11298076923076923
2 0.4387019230769231 0.2776442307692308 0.03125 0.0625
2 0.6045673076923077 0.3918269230769231 0.07932692307692307 0.10817307692307693
2 0.5252403846153846 0.4098557692307692 0.08413461538461539 0.11778846153846154
3 0.8990384615384616 0.8028846153846154 0.1971153846153846 0.2980769230769231
3 0.2704326923076923 0.8293269230769231 0.21875 0.33653846153846156