1 0.5829326923076923 0.8677884615384616 0.19951923076923078 0.25961538461538464
1 0.4483173076923077 0.8088942307692307 0.19230769230769232 0.2860576923076923
1 0.3485576923076923 0.9471153846153846 0.19230769230769232 0.09375
1 0.2512019230769231 0.6057692307692307 0.16105769230769232 0.20432692307692307
1 0.5805288461538461 0.42427884615384615 0.17548076923076922 0.13221153846153846
1 0.43028846153846156 0.3701923076923077 0.17067307692307693 0.12980769230769232
1 0.21394230769230768 0.34975961538461536 0.15625 0.11778846153846154
1 0.14543269230769232 0.23317307692307693 0.09615384615384616 0.10817307692307693
1 0.33653846153846156 0.25721153846153844 0.0889423076923077 0.08413461538461539
1 0.46274038461538464 0.23677884615384615 0.052884615384615384 0.06490384615384616
1 0.5372596153846154 0.19110576923076922 0.036057692307692304 0.04326923076923077
1 0.48197115384615385 0.18870192307692307 0.03365384615384615 0.05048076923076923
1 0.5060096153846154 0.13701923076923078 0.02403846153846154 0.036057692307692304
1 0.5540865384615384 0.1141826923076923 0.019230769230769232 0.026442307692307692
1 0.5264423076923077 0.1201923076923077 0.021634615384615384 0.03125
2 0.8473557692307693 0.9242788461538461 0.07451923076923077 0.1466346153846154
2 0.5709134615384616 0.6201923076923077 0.08173076923076923 0.17548076923076922
2 0.3293269230769231 0.4651442307692308 0.057692307692307696 0.125
2 0.6382211538461539 0.46153846153846156 0.09615384615384616 0.12259615384615384
2 0.18629807692307693 0.5132211538461539 0.057692307692307696 0.1346153846153846
2 0.5084134615384616 0.24519230769230768 0.026442307692307692 0.06971153846153846
3 0.7463942307692307 0.8834134615384616 0.21875 0.2283653846153846
3 0.11177884615384616 0.7512019230769231 0.22115384615384615 0.38461538461538464