1 0.7403846153846154 0.8822115384615384 0.1875 0.23076923076923078
1 0.5793269230769231 0.8521634615384616 0.19230769230769232 0.29086538461538464
1 0.48197115384615385 0.9831730769230769 0.19951923076923078 0.028846153846153848
1 0.3557692307692308 0.5949519230769231 0.14423076923076922 0.20432692307692307
1 0.5528846153846154 0.17668269230769232 0.040865384615384616 0.057692307692307696
1 0.5769230769230769 0.15865384615384615 0.026442307692307692 0.038461538461538464
1 0.6117788461538461 0.11177884615384616 0.021634615384615384 0.038461538461538464
1 0.5576923076923077 0.09975961538461539 0.021634615384615384 0.04326923076923077
1 0.26802884615384615 0.32091346153846156 0.13942307692307693 0.12259615384615384
1 0.20432692307692307 0.36177884615384615 0.1658653846153846 0.1201923076923077
2 0.8233173076923077 0.6694711538461539 0.08173076923076923 0.1875
2 0.6875 0.6346153846153846 0.0889423076923077 0.19951923076923078
2 0.4014423076923077 0.44350961538461536 0.06971153846153846 0.1201923076923077
2 0.6201923076923077 0.13341346153846154 0.016826923076923076 0.03365384615384615
2 0.5985576923076923 0.13701923076923078 0.01201923076923077 0.03365384615384615
0 0.5120192307692307 0.3473557692307692 0.3894230769230769 0.3076923076923077
3 0.8978365384615384 0.8918269230769231 0.1658653846153846 0.21153846153846154
3 0.20432692307692307 0.8016826923076923 0.21394230769230768 0.3629807692307692