1 0.5661057692307693 0.4338942307692308 0.13701923076923078 0.16346153846153846
1 0.49278846153846156 0.8713942307692307 0.22596153846153846 0.25240384615384615
1 0.7668269230769231 0.5829326923076923 0.15384615384615385 0.22115384615384615
1 0.9134615384615384 0.2536057692307692 0.10817307692307693 0.10096153846153846
1 0.9579326923076923 0.3004807692307692 0.07932692307692307 0.10576923076923077
1 0.6033653846153846 0.23557692307692307 0.17307692307692307 0.1201923076923077
1 0.6850961538461539 0.21875 0.0985576923076923 0.08173076923076923
1 0.7692307692307693 0.25240384615384615 0.12980769230769232 0.10096153846153846
1 0.7920673076923077 0.0889423076923077 0.036057692307692304 0.04807692307692308
1 0.8221153846153846 0.09735576923076923 0.04567307692307692 0.040865384615384616
2 0.6995192307692307 0.48677884615384615 0.057692307692307696 0.16105769230769232