1 0.7415865384615384 0.734375 0.14903846153846154 0.27163461538461536
1 0.34375 0.8894230769230769 0.22115384615384615 0.21634615384615385
1 0.15504807692307693 0.8605769230769231 0.18028846153846154 0.27403846153846156
1 0.34975961538461536 0.6947115384615384 0.15865384615384615 0.21875
1 0.5913461538461539 0.3269230769230769 0.19471153846153846 0.11538461538461539
1 0.8557692307692307 0.15144230769230768 0.08173076923076923 0.06490384615384616
1 0.7055288461538461 0.14302884615384615 0.0673076923076923 0.0625
1 0.40625 0.22716346153846154 0.09615384615384616 0.07451923076923077
1 0.40865384615384615 0.19471153846153846 0.08413461538461539 0.055288461538461536
1 0.6802884615384616 0.1201923076923077 0.038461538461538464 0.06009615384615385
1 0.6045673076923077 0.1658653846153846 0.03365384615384615 0.057692307692307696
1 0.6081730769230769 0.14302884615384615 0.04567307692307692 0.04567307692307692
1 0.46634615384615385 0.12860576923076922 0.028846153846153848 0.038461538461538464
1 0.46153846153846156 0.18509615384615385 0.026442307692307692 0.06009615384615385
1 0.4951923076923077 0.1141826923076923 0.03125 0.036057692307692304
2 0.9170673076923077 0.7127403846153846 0.07451923076923077 0.2403846153846154
2 0.7091346153846154 0.5853365384615384 0.10096153846153846 0.15144230769230768
2 0.5048076923076923 0.5024038461538461 0.0673076923076923 0.15144230769230768
2 0.4519230769230769 0.703125 0.04326923076923077 0.22355769230769232
2 0.25600961538461536 0.6478365384615384 0.06009615384615385 0.18990384615384615
2 0.5757211538461539 0.1310096153846154 0.01201923076923077 0.04567307692307692
2 0.5360576923076923 0.14302884615384615 0.016826923076923076 0.052884615384615384
2 0.025240384615384616 0.9399038461538461 0.036057692307692304 0.11538461538461539
3 0.5 0.1814903846153846 0.057692307692307696 0.10576923076923077
3 0.5444711538461539 0.7692307692307693 0.16105769230769232 0.40625