1 0.25 0.5865384615384616 0.12259615384615384 0.19471153846153846
1 0.39783653846153844 0.48677884615384615 0.10336538461538461 0.15144230769230768
1 0.36538461538461536 0.5925480769230769 0.0985576923076923 0.22355769230769232
1 0.5649038461538461 0.8930288461538461 0.19951923076923078 0.21153846153846154
1 0.7127403846153846 0.7692307692307693 0.1971153846153846 0.2764423076923077
1 0.5817307692307693 0.5685096153846154 0.0889423076923077 0.20192307692307693
1 0.5348557692307693 0.421875 0.0673076923076923 0.0985576923076923
1 0.6538461538461539 0.41947115384615385 0.09615384615384616 0.13221153846153846
1 0.515625 0.22115384615384615 0.0625 0.0625
1 0.6995192307692307 0.28125 0.06971153846153846 0.08653846153846154
1 0.9038461538461539 0.22596153846153846 0.07692307692307693 0.057692307692307696
2 0.10216346153846154 0.875 0.06009615384615385 0.24519230769230768
2 0.6502403846153846 0.5132211538461539 0.038461538461538464 0.1778846153846154
2 0.7932692307692307 0.6706730769230769 0.0673076923076923 0.20192307692307693
2 0.375 0.15384615384615385 0.009615384615384616 0.04807692307692308
2 0.33774038461538464 0.15985576923076922 0.01201923076923077 0.04326923076923077
2 0.9639423076923077 0.22235576923076922 0.028846153846153848 0.06490384615384616
0 0.8665865384615384 0.14182692307692307 0.052884615384615384 0.07932692307692307
0 0.5060096153846154 0.6334134615384616 0.12980769230769232 0.31009615384615385