1 0.7716346153846154 0.703125 0.30528846153846156 0.37740384615384615
1 0.5745192307692307 0.8040865384615384 0.3076923076923077 0.3870192307692308
1 0.2644230769230769 0.8076923076923077 0.27403846153846156 0.3798076923076923
1 0.10216346153846154 0.9182692307692307 0.10336538461538461 0.15865384615384615
1 0.06610576923076923 0.7235576923076923 0.11298076923076923 0.29086538461538464
1 0.47836538461538464 0.5697115384615384 0.18990384615384615 0.25240384615384615
1 0.6189903846153846 0.49038461538461536 0.25 0.3076923076923077
1 0.1778846153846154 0.59375 0.20192307692307693 0.29086538461538464
1 0.31009615384615385 0.13701923076923078 0.23317307692307693 0.17307692307692307
1 0.18509615384615385 0.1346153846153846 0.14423076923076922 0.14423076923076922
1 0.06009615384615385 0.0985576923076923 0.1201923076923077 0.08653846153846154
2 0.8112980769230769 0.8197115384615384 0.13942307692307693 0.27884615384615385
2 0.34615384615384615 0.6033653846153846 0.125 0.28125
2 0.2980769230769231 0.49399038461538464 0.10336538461538461 0.25240384615384615
2 0.03125 0.46274038461538464 0.0625 0.23317307692307693
2 0.037259615384615384 0.39302884615384615 0.07451923076923077 0.19471153846153846
2 0.1346153846153846 0.06610576923076923 0.0673076923076923 0.038461538461538464
0 0.29086538461538464 0.046875 0.22115384615384615 0.07211538461538461