1 0.6382211538461539 0.8449519230769231 0.19471153846153846 0.30528846153846156
1 0.45072115384615385 0.8377403846153846 0.19471153846153846 0.31971153846153844
1 0.35216346153846156 0.5709134615384616 0.15625 0.20673076923076922
1 0.5108173076923077 0.16947115384615385 0.0625 0.06971153846153846
1 0.5793269230769231 0.15865384615384615 0.06009615384615385 0.07211538461538461
2 0.6778846153846154 0.5588942307692307 0.0625 0.17307692307692307
2 0.6009615384615384 0.5600961538461539 0.06009615384615385 0.1875
2 0.5372596153846154 0.53125 0.07451923076923077 0.18028846153846154
2 0.48197115384615385 0.5264423076923077 0.07211538461538461 0.17548076923076922
3 0.06129807692307692 0.05889423076923077 0.036057692307692304 0.11778846153846154
3 0.12620192307692307 0.21394230769230768 0.20673076923076922 0.2283653846153846