1 0.4050480769230769 0.8629807692307693 0.18990384615384615 0.2620192307692308
1 0.5336538461538461 0.8028846153846154 0.18990384615384615 0.28365384615384615
1 0.6430288461538461 0.9459134615384616 0.20432692307692307 0.0985576923076923
1 0.7163461538461539 0.5528846153846154 0.13701923076923078 0.17307692307692307
1 0.7584134615384616 0.34975961538461536 0.15384615384615385 0.12259615384615384
1 0.8377403846153846 0.29447115384615385 0.1201923076923077 0.10096153846153846
1 0.5540865384615384 0.23557692307692307 0.07211538461538461 0.08413461538461539
1 0.5072115384615384 0.21514423076923078 0.04567307692307692 0.06009615384615385
1 0.4543269230769231 0.16346153846153846 0.026442307692307692 0.04807692307692308
1 0.5024038461538461 0.14543269230769232 0.03365384615384615 0.04326923076923077
2 0.13942307692307693 0.9182692307692307 0.08173076923076923 0.15865384615384615
2 0.3004807692307692 0.6634615384615384 0.08413461538461539 0.17067307692307693
2 0.4170673076923077 0.6117788461538461 0.09615384615384616 0.18990384615384615
2 0.6682692307692307 0.4182692307692308 0.06971153846153846 0.12259615384615384
2 0.8016826923076923 0.5072115384615384 0.06009615384615385 0.1466346153846154
2 0.4338942307692308 0.18990384615384615 0.02403846153846154 0.04807692307692308
2 0.4699519230769231 0.18389423076923078 0.016826923076923076 0.04807692307692308
3 0.24158653846153846 0.8822115384615384 0.2091346153846154 0.23076923076923078
3 0.8810096153846154 0.7596153846153846 0.21394230769230768 0.38461538461538464