1 0.2608173076923077 0.8389423076923077 0.16826923076923078 0.2403846153846154
1 0.390625 0.8209134615384616 0.16826923076923078 0.25961538461538464
1 0.4483173076923077 0.9579326923076923 0.18990384615384615 0.07932692307692307
1 0.609375 0.6466346153846154 0.12740384615384615 0.17307692307692307
1 0.5180288461538461 0.27283653846153844 0.036057692307692304 0.057692307692307696
1 0.5024038461538461 0.25841346153846156 0.02403846153846154 0.040865384615384616
1 0.4795673076923077 0.21394230769230768 0.021634615384615384 0.03125
1 0.5288461538461539 0.21634615384615385 0.019230769230769232 0.038461538461538464
1 0.7632211538461539 0.4423076923076923 0.11538461538461539 0.10576923076923077
1 0.7908653846153846 0.4891826923076923 0.0985576923076923 0.10576923076923077
2 0.02283653846153846 0.8413461538461539 0.04567307692307692 0.20673076923076922
2 0.22235576923076922 0.6322115384615384 0.07451923076923077 0.15144230769230768
2 0.33413461538461536 0.6201923076923077 0.07451923076923077 0.16346153846153846
2 0.6009615384615384 0.515625 0.0673076923076923 0.11298076923076923
2 0.4675480769230769 0.23677884615384615 0.01201923076923077 0.028846153846153848
2 0.4855769230769231 0.23798076923076922 0.014423076923076924 0.03125
0 0.5612980769230769 0.4206730769230769 0.3269230769230769 0.2620192307692308
3 0.10697115384615384 0.8257211538461539 0.18028846153846154 0.2692307692307692
3 0.6983173076923077 0.8365384615384616 0.19951923076923078 0.32211538461538464