1 0.22355769230769232 0.8028846153846154 0.2548076923076923 0.3269230769230769
1 0.4254807692307692 0.8425480769230769 0.25 0.31009615384615385
1 0.6971153846153846 0.7944711538461539 0.22596153846153846 0.35096153846153844
1 0.9170673076923077 0.8798076923076923 0.16105769230769232 0.19230769230769232
1 0.90625 0.6730769230769231 0.18269230769230768 0.2692307692307692
1 0.3173076923076923 0.5805288461538461 0.21153846153846154 0.2644230769230769
1 0.45913461538461536 0.6298076923076923 0.15865384615384615 0.22115384615384615
1 0.7295673076923077 0.5841346153846154 0.16826923076923078 0.25961538461538464
1 0.71875 0.15985576923076922 0.16346153846153846 0.125
1 0.7536057692307693 0.0985576923076923 0.09375 0.10576923076923077
1 0.7824519230769231 0.046875 0.10817307692307693 0.09375
1 0.9170673076923077 0.13701923076923078 0.125 0.15625
2 0.21995192307692307 0.8918269230769231 0.12259615384615384 0.21153846153846154
2 0.5865384615384616 0.5805288461538461 0.09134615384615384 0.23798076923076922
2 0.6057692307692307 0.4879807692307692 0.06971153846153846 0.21394230769230768
2 0.8485576923076923 0.43149038461538464 0.0673076923076923 0.21394230769230768
2 0.8137019230769231 0.38221153846153844 0.052884615384615384 0.19471153846153846
2 0.625 0.14423076923076922 0.057692307692307696 0.10576923076923077
2 0.6778846153846154 0.07211538461538461 0.057692307692307696 0.0985576923076923
0 0.5180288461538461 0.08173076923076923 0.20432692307692307 0.16346153846153846