1 0.3485576923076923 0.8569711538461539 0.15144230769230768 0.23076923076923078
1 0.47836538461538464 0.8173076923076923 0.1466346153846154 0.25
1 0.5516826923076923 0.9603365384615384 0.17548076923076922 0.07451923076923077
1 0.6730769230769231 0.6225961538461539 0.11298076923076923 0.16105769230769232
1 0.2860576923076923 0.45552884615384615 0.10336538461538461 0.10096153846153846
1 0.2980769230769231 0.41346153846153844 0.10817307692307693 0.0889423076923077
1 0.5288461538461539 0.26802884615384615 0.036057692307692304 0.052884615384615384
1 0.5084134615384616 0.24759615384615385 0.02403846153846154 0.04807692307692308
1 0.4795673076923077 0.21033653846153846 0.019230769230769232 0.038461538461538464
1 0.5276442307692307 0.19951923076923078 0.019230769230769232 0.03125
2 0.09134615384615384 0.8978365384615384 0.052884615384615384 0.19951923076923078
2 0.2776442307692308 0.6658653846153846 0.052884615384615384 0.15384615384615385
2 0.39302884615384615 0.6334134615384616 0.06490384615384616 0.16346153846153846
2 0.640625 0.4879807692307692 0.057692307692307696 0.11298076923076923
2 0.4651442307692308 0.22596153846153846 0.009615384615384616 0.036057692307692304
2 0.4891826923076923 0.2283653846153846 0.009615384615384616 0.03125
0 0.6706730769230769 0.4014423076923077 0.3173076923076923 0.24278846153846154
3 0.1875 0.8762019230769231 0.16346153846153846 0.24278846153846154
3 0.7896634615384616 0.8209134615384616 0.16105769230769232 0.34615384615384615