1 0.7668269230769231 0.75 0.1971153846153846 0.3269230769230769
1 0.30288461538461536 0.8617788461538461 0.25721153846153844 0.25721153846153844
1 0.33413461538461536 0.6478365384615384 0.19951923076923078 0.25721153846153844
1 0.10336538461538461 0.8088942307692307 0.20673076923076922 0.31971153846153844
1 0.9639423076923077 0.10576923076923077 0.0673076923076923 0.09134615384615384
1 0.7872596153846154 0.056490384615384616 0.055288461538461536 0.0625
1 0.7103365384615384 0.0673076923076923 0.04807692307692308 0.0673076923076923
1 0.6646634615384616 0.10216346153846154 0.07211538461538461 0.08653846153846154
1 0.5817307692307693 0.11177884615384616 0.09134615384615384 0.08653846153846154
1 0.41466346153846156 0.1466346153846154 0.1346153846153846 0.10576923076923077
1 0.39903846153846156 0.10576923076923077 0.10336538461538461 0.07932692307692307
1 0.5264423076923077 0.027644230769230768 0.03365384615384615 0.052884615384615384
2 0.9266826923076923 0.6069711538461539 0.09375 0.22355769230769232
2 0.44711538461538464 0.6742788461538461 0.06971153846153846 0.23798076923076922
2 0.22956730769230768 0.5889423076923077 0.07451923076923077 0.21394230769230768
2 0.2824519230769231 0.49158653846153844 0.07692307692307693 0.1875
2 0.41586538461538464 0.31971153846153844 0.055288461538461536 0.14903846153846154
3 0.5444711538461539 0.7584134615384616 0.21875 0.47836538461538464
3 0.671875 0.04927884615384615 0.04326923076923077 0.06971153846153846