1 0.78125 0.8798076923076923 0.25 0.23076923076923078
1 0.5817307692307693 0.9170673076923077 0.2403846153846154 0.16346153846153846
1 0.28966346153846156 0.8942307692307693 0.21394230769230768 0.20673076923076922
1 0.078125 0.8533653846153846 0.1466346153846154 0.27163461538461536
1 0.23918269230769232 0.7560096153846154 0.1658653846153846 0.2668269230769231
1 0.5252403846153846 0.7692307692307693 0.15144230769230768 0.21634615384615385
1 0.6646634615384616 0.7055288461538461 0.20673076923076922 0.2644230769230769
1 0.2403846153846154 0.09975961538461539 0.04326923076923077 0.04567307692307692
1 0.24519230769230768 0.13221153846153846 0.040865384615384616 0.04567307692307692
1 0.11658653846153846 0.19831730769230768 0.10096153846153846 0.0889423076923077
2 0.8028846153846154 0.9555288461538461 0.10096153846153846 0.07692307692307693
2 0.24519230769230768 0.5492788461538461 0.07932692307692307 0.15625
2 0.19230769230769232 0.5048076923076923 0.08653846153846154 0.1658653846153846
2 0.12980769230769232 0.5420673076923077 0.04807692307692308 0.18269230769230768
2 0.10096153846153846 0.6021634615384616 0.06009615384615385 0.22115384615384615
2 0.057692307692307696 0.37259615384615385 0.10096153846153846 0.1466346153846154
0 0.40865384615384615 0.3016826923076923 0.5 0.30528846153846156