1 0.21754807692307693 0.7163461538461539 0.17067307692307693 0.23317307692307693
1 0.36658653846153844 0.7319711538461539 0.13701923076923078 0.3389423076923077
1 0.36899038461538464 0.5360576923076923 0.11538461538461539 0.14903846153846154
1 0.5504807692307693 0.5 0.10576923076923077 0.11778846153846154
1 0.6286057692307693 0.6526442307692307 0.125 0.23317307692307693
1 0.8221153846153846 0.8713942307692307 0.2860576923076923 0.23557692307692307
1 0.6502403846153846 0.47115384615384615 0.10817307692307693 0.14423076923076922
1 0.5949519230769231 0.30649038461538464 0.08413461538461539 0.10336538461538461
1 0.5829326923076923 0.19951923076923078 0.06490384615384616 0.06009615384615385
1 0.7740384615384616 0.23076923076923078 0.057692307692307696 0.0625
2 0.703125 0.5805288461538461 0.04807692307692308 0.19951923076923078
2 0.921875 0.8016826923076923 0.07932692307692307 0.23076923076923078
2 0.33533653846153844 0.171875 0.014423076923076924 0.05048076923076923
2 0.37740384615384615 0.1778846153846154 0.019230769230769232 0.04807692307692308
0 0.8533653846153846 0.1310096153846154 0.06009615384615385 0.07692307692307693
0 0.9158653846153846 0.1971153846153846 0.14182692307692307 0.14903846153846154
3 0.5384615384615384 0.7379807692307693 0.17067307692307693 0.3870192307692308