1 0.5456730769230769 0.7415865384615384 0.18028846153846154 0.3125
1 0.5204326923076923 0.9050480769230769 0.2091346153846154 0.18509615384615385
1 0.6201923076923077 0.484375 0.13221153846153846 0.19230769230769232
1 0.7524038461538461 0.6274038461538461 0.17067307692307693 0.25721153846153844
1 0.8389423076923077 0.8521634615384616 0.2620192307692308 0.25721153846153844
1 0.020432692307692308 0.2644230769230769 0.040865384615384616 0.11538461538461539
1 0.010817307692307692 0.17427884615384615 0.021634615384615384 0.08413461538461539
1 0.02403846153846154 0.15745192307692307 0.04807692307692308 0.07932692307692307
1 0.3786057692307692 0.030048076923076924 0.028846153846153848 0.04326923076923077
2 0.16947115384615385 0.7067307692307693 0.07932692307692307 0.2644230769230769
2 0.5733173076923077 0.37259615384615385 0.06490384615384616 0.13942307692307693
2 0.7980769230769231 0.3605769230769231 0.052884615384615384 0.12740384615384615