1 0.7584134615384616 0.6754807692307693 0.18990384615384615 0.3004807692307692
1 0.7992788461538461 0.21875 0.20673076923076922 0.14182692307692307
1 0.3641826923076923 0.8786057692307693 0.25240384615384615 0.23798076923076922
1 0.3473557692307692 0.6790865384615384 0.18990384615384615 0.24278846153846154
1 0.15985576923076922 0.8605769230769231 0.2091346153846154 0.27403846153846156
1 0.3629807692307692 0.28846153846153844 0.17548076923076922 0.1346153846153846
1 0.8161057692307693 0.04927884615384615 0.0889423076923077 0.07692307692307693
1 0.6225961538461539 0.06129807692307692 0.06971153846153846 0.06009615384615385
1 0.6298076923076923 0.02403846153846154 0.04567307692307692 0.040865384615384616
1 0.5528846153846154 0.0889423076923077 0.040865384615384616 0.06490384615384616
1 0.40865384615384615 0.15745192307692307 0.0985576923076923 0.08413461538461539
1 0.3954326923076923 0.12740384615384615 0.07932692307692307 0.0625
1 0.2668269230769231 0.17668269230769232 0.07692307692307693 0.0673076923076923
1 0.39663461538461536 0.0673076923076923 0.038461538461538464 0.04807692307692308
1 0.4182692307692308 0.04447115384615385 0.028846153846153848 0.040865384615384616
2 0.9158653846153846 0.5769230769230769 0.09375 0.23557692307692307
2 0.5588942307692307 0.4879807692307692 0.11298076923076923 0.10817307692307693
2 0.43028846153846156 0.43990384615384615 0.0625 0.16346153846153846
2 0.4519230769230769 0.6694711538461539 0.06490384615384616 0.22115384615384615
2 0.24278846153846154 0.6358173076923077 0.08653846153846154 0.20192307692307693
2 0.28125 0.18269230769230768 0.052884615384615384 0.07692307692307693
2 0.33413461538461536 0.16706730769230768 0.04567307692307692 0.07451923076923077
3 0.48677884615384615 0.10697115384615384 0.06971153846153846 0.11778846153846154
3 0.5612980769230769 0.7391826923076923 0.21153846153846154 0.4567307692307692