1 0.11177884615384616 0.8185096153846154 0.22355769230769232 0.30528846153846156
1 0.3233173076923077 0.6189903846153846 0.14903846153846154 0.21153846153846154
1 0.3161057692307692 0.8173076923076923 0.18509615384615385 0.3389423076923077
1 0.5805288461538461 0.6009615384615384 0.14903846153846154 0.1658653846153846
1 0.6201923076923077 0.7512019230769231 0.17307692307692307 0.28365384615384615
1 0.6586538461538461 0.5649038461538461 0.13221153846153846 0.19230769230769232
1 0.5096153846153846 0.36538461538461536 0.0889423076923077 0.12740384615384615
1 0.6790865384615384 0.2932692307692308 0.07451923076923077 0.07932692307692307
1 0.8052884615384616 0.3545673076923077 0.08653846153846154 0.10336538461538461
1 0.7295673076923077 0.21995192307692307 0.0625 0.0625
2 0.7247596153846154 0.6754807692307693 0.06971153846153846 0.23317307692307693
2 0.43990384615384615 0.18629807692307693 0.026442307692307692 0.057692307692307696
2 0.39663461538461536 0.16346153846153846 0.021634615384615384 0.052884615384615384
2 0.6598557692307693 0.31009615384615385 0.04326923076923077 0.08173076923076923
0 0.9002403846153846 0.18028846153846154 0.055288461538461536 0.05048076923076923
0 0.8401442307692307 0.26322115384615385 0.19230769230769232 0.16346153846153846
3 0.5300480769230769 0.8329326923076923 0.23317307692307693 0.3293269230769231