1 0.75 0.7860576923076923 0.18028846153846154 0.30288461538461536
1 0.33533653846153844 0.9266826923076923 0.24278846153846154 0.14182692307692307
1 0.13942307692307693 0.9026442307692307 0.20192307692307693 0.18990384615384615
1 0.3317307692307692 0.7728365384615384 0.18269230769230768 0.2548076923076923
1 0.8317307692307693 0.15504807692307693 0.0889423076923077 0.07451923076923077
1 0.6430288461538461 0.13341346153846154 0.05048076923076923 0.07451923076923077
1 0.5853365384615384 0.1658653846153846 0.0625 0.06490384615384616
1 0.5192307692307693 0.21514423076923078 0.07211538461538461 0.07211538461538461
1 0.3870192307692308 0.2512019230769231 0.0985576923076923 0.08413461538461539
1 0.41947115384615385 0.2283653846153846 0.07211538461538461 0.0673076923076923
1 0.46274038461538464 0.19230769230769232 0.040865384615384616 0.06009615384615385
1 0.41225961538461536 0.16826923076923078 0.040865384615384616 0.05048076923076923
2 0.8653846153846154 0.6274038461538461 0.08653846153846154 0.22115384615384615
2 0.4411057692307692 0.7716346153846154 0.06009615384615385 0.23798076923076922
2 0.21995192307692307 0.7331730769230769 0.07932692307692307 0.20192307692307693
2 0.36177884615384615 0.45913461538461536 0.04807692307692308 0.14423076923076922
2 0.47596153846153844 0.21875 0.02403846153846154 0.06009615384615385
3 0.5444711538461539 0.16947115384615385 0.040865384615384616 0.09134615384615384
3 0.5408653846153846 0.8052884615384616 0.19230769230769232 0.38461538461538464