1 0.33653846153846156 0.9170673076923077 0.16346153846153846 0.15625
1 0.47716346153846156 0.8966346153846154 0.16105769230769232 0.20192307692307693
1 0.4519230769230769 0.4879807692307692 0.1346153846153846 0.10817307692307693
1 0.24879807692307693 0.4987980769230769 0.09375 0.10817307692307693
1 0.7307692307692307 0.53125 0.15625 0.10576923076923077
1 0.8858173076923077 0.5180288461538461 0.10576923076923077 0.09134615384615384
1 0.5252403846153846 0.32572115384615385 0.03125 0.052884615384615384
1 0.5805288461538461 0.34134615384615385 0.036057692307692304 0.055288461538461536
1 0.6454326923076923 0.3918269230769231 0.06971153846153846 0.07692307692307693
1 0.5192307692307693 0.29447115384615385 0.028846153846153848 0.052884615384615384
1 0.5600961538461539 0.2668269230769231 0.019230769230769232 0.036057692307692304
1 0.7295673076923077 0.8137019230769231 0.125 0.20192307692307693
2 0.056490384615384616 0.9350961538461539 0.04807692307692308 0.09615384615384616
2 0.390625 0.7223557692307693 0.0673076923076923 0.1875
2 0.27163461538461536 0.7463942307692307 0.0625 0.16826923076923078
2 0.6766826923076923 0.5504807692307693 0.07692307692307693 0.12259615384615384
2 0.3245192307692308 0.5108173076923077 0.07932692307692307 0.11057692307692307
2 0.4026442307692308 0.5216346153846154 0.07692307692307693 0.11538461538461539
2 0.6634615384615384 0.625 0.04807692307692308 0.11538461538461539
2 0.5685096153846154 0.36538461538461536 0.021634615384615384 0.06490384615384616
3 0.16346153846153846 0.9134615384615384 0.18509615384615385 0.15144230769230768
3 0.8293269230769231 0.8798076923076923 0.1875 0.23557692307692307