1 0.7824519230769231 0.8052884615384616 0.21634615384615385 0.2620192307692308
1 0.6358173076923077 0.5829326923076923 0.13701923076923078 0.16346153846153846
1 0.6045673076923077 0.7932692307692307 0.17548076923076922 0.36538461538461536
1 0.42908653846153844 0.5264423076923077 0.12980769230769232 0.13221153846153846
1 0.33413461538461536 0.6742788461538461 0.15144230769230768 0.24519230769230768
1 0.13221153846153846 0.8641826923076923 0.2644230769230769 0.2091346153846154
1 0.3401442307692308 0.4879807692307692 0.12980769230769232 0.16105769230769232
1 0.4675480769230769 0.328125 0.09375 0.11057692307692307
1 0.39783653846153844 0.1814903846153846 0.06971153846153846 0.06490384615384616
1 0.3161057692307692 0.2283653846153846 0.0673076923076923 0.07451923076923077
1 0.13701923076923078 0.23918269230769232 0.08173076923076923 0.09375
1 0.1814903846153846 0.09134615384615384 0.057692307692307696 0.06009615384615385
2 0.25841346153846156 0.5961538461538461 0.06971153846153846 0.21634615384615385
2 0.640625 0.1971153846153846 0.019230769230769232 0.05048076923076923
2 0.6875 0.18990384615384615 0.02403846153846154 0.06009615384615385
0 0.14302884615384615 0.16105769230769232 0.21153846153846154 0.1466346153846154
3 0.42427884615384615 0.7788461538461539 0.21634615384615385 0.42788461538461536