1 0.7379807692307693 0.6706730769230769 0.16826923076923078 0.27884615384615385
1 0.33533653846153844 0.6646634615384616 0.17307692307692307 0.22115384615384615
1 0.3425480769230769 0.8737980769230769 0.24278846153846154 0.24759615384615385
1 0.14423076923076922 0.8533653846153846 0.20192307692307693 0.28846153846153844
1 0.8052884615384616 0.0673076923076923 0.08653846153846154 0.07451923076923077
1 0.7644230769230769 0.052884615384615384 0.08173076923076923 0.0625
1 0.5949519230769231 0.07932692307692307 0.06971153846153846 0.0673076923076923
1 0.6237980769230769 0.04807692307692308 0.040865384615384616 0.06009615384615385
1 0.5360576923076923 0.11899038461538461 0.055288461538461536 0.07211538461538461
1 0.25961538461538464 0.18389423076923078 0.06971153846153846 0.0673076923076923
1 0.41947115384615385 0.08774038461538461 0.04326923076923077 0.052884615384615384
1 0.4675480769230769 0.06370192307692307 0.036057692307692304 0.038461538461538464
2 0.9387019230769231 0.8076923076923077 0.11057692307692307 0.2980769230769231
2 0.8461538461538461 0.6153846153846154 0.08173076923076923 0.23557692307692307
2 0.6814903846153846 0.5048076923076923 0.11057692307692307 0.17067307692307693
2 0.4375 0.6730769230769231 0.06009615384615385 0.23557692307692307
2 0.2283653846153846 0.6298076923076923 0.08413461538461539 0.19471153846153846
3 0.34615384615384615 0.15745192307692307 0.09615384615384616 0.11778846153846154
3 0.5372596153846154 0.7295673076923077 0.20192307692307693 0.43990384615384615