1 0.2932692307692308 0.8497596153846154 0.2091346153846154 0.2644230769230769
1 0.44711538461538464 0.84375 0.20673076923076922 0.31009615384615385
1 0.5072115384615384 0.9807692307692307 0.20673076923076922 0.03365384615384615
1 0.7079326923076923 0.6598557692307693 0.15384615384615385 0.20192307692307693
1 0.3004807692307692 0.3918269230769231 0.1346153846153846 0.13221153846153846
1 0.32091346153846156 0.3449519230769231 0.13701923076923078 0.11778846153846154
1 0.6141826923076923 0.22596153846153846 0.05048076923076923 0.0673076923076923
1 0.5973557692307693 0.19951923076923078 0.03365384615384615 0.057692307692307696
1 0.5709134615384616 0.15144230769230768 0.028846153846153848 0.04567307692307692
1 0.6262019230769231 0.1466346153846154 0.028846153846153848 0.038461538461538464
2 0.016826923076923076 0.8329326923076923 0.03365384615384615 0.18990384615384615
2 0.24879807692307693 0.6298076923076923 0.08653846153846154 0.18269230769230768
2 0.38822115384615385 0.6153846153846154 0.0985576923076923 0.19951923076923078
2 0.6995192307692307 0.5 0.08413461538461539 0.13942307692307693
2 0.5516826923076923 0.16706730769230768 0.016826923076923076 0.040865384615384616
2 0.578125 0.17307692307692307 0.016826923076923076 0.038461538461538464
0 0.7512019230769231 0.40625 0.4014423076923077 0.3269230769230769
3 0.10817307692307693 0.8257211538461539 0.21634615384615385 0.2548076923076923
3 0.8088942307692307 0.8485576923076923 0.23317307692307693 0.2980769230769231