1 0.18389423076923078 0.6622596153846154 0.1778846153846154 0.30288461538461536
1 0.6358173076923077 0.8569711538461539 0.24278846153846154 0.28125
1 0.6237980769230769 0.6177884615384616 0.17307692307692307 0.24278846153846154
1 0.8461538461538461 0.8088942307692307 0.20192307692307693 0.31490384615384615
1 0.04927884615384615 0.02283653846153846 0.08413461538461539 0.04567307692307692
1 0.3557692307692308 0.03245192307692308 0.0625 0.06490384615384616
1 0.33052884615384615 0.013221153846153846 0.040865384615384616 0.026442307692307692
1 0.4230769230769231 0.04807692307692308 0.08653846153846154 0.08653846153846154
1 0.5372596153846154 0.09375 0.11538461538461539 0.0889423076923077
1 0.609375 0.07211538461538461 0.09134615384615384 0.07692307692307693
1 0.4543269230769231 0.004807692307692308 0.04807692307692308 0.009615384615384616
2 0.04447115384615385 0.5036057692307693 0.07932692307692307 0.22355769230769232
2 0.5901442307692307 0.2764423076923077 0.038461538461538464 0.15384615384615385
2 0.5144230769230769 0.6201923076923077 0.04567307692307692 0.23076923076923078
2 0.6971153846153846 0.46033653846153844 0.057692307692307696 0.17307692307692307
2 0.7415865384615384 0.5685096153846154 0.06971153846153846 0.21153846153846154
2 0.6598557692307693 0.09495192307692307 0.04326923076923077 0.08413461538461539
3 0.4050480769230769 0.7043269230769231 0.1778846153846154 0.45913461538461536