1 0.6502403846153846 0.9110576923076923 0.18269230769230768 0.16346153846153846
1 0.4951923076923077 0.8930288461538461 0.18269230769230768 0.2091346153846154
1 0.23798076923076922 0.7512019230769231 0.14903846153846154 0.20432692307692307
1 0.4206730769230769 0.4963942307692308 0.17307692307692307 0.12740384615384615
1 0.6706730769230769 0.45552884615384615 0.17548076923076922 0.1201923076923077
1 0.17668269230769232 0.39663461538461536 0.11538461538461539 0.10576923076923077
1 0.3581730769230769 0.3076923076923077 0.05048076923076923 0.06490384615384616
1 0.3137019230769231 0.35697115384615385 0.06971153846153846 0.08653846153846154
1 0.3473557692307692 0.2644230769230769 0.038461538461538464 0.055288461538461536
1 0.4050480769230769 0.2536057692307692 0.036057692307692304 0.055288461538461536
1 0.39903846153846156 0.1778846153846154 0.02403846153846154 0.026442307692307692
1 0.3557692307692308 0.20432692307692307 0.019230769230769232 0.028846153846153848
2 0.9543269230769231 0.9050480769230769 0.0625 0.10096153846153846
2 0.7007211538461539 0.7211538461538461 0.07932692307692307 0.18269230769230768
2 0.5673076923076923 0.7067307692307693 0.08653846153846154 0.20673076923076922
2 0.2692307692307692 0.5901442307692307 0.0625 0.1658653846153846
2 0.13221153846153846 0.7223557692307693 0.0625 0.14903846153846154
2 0.43028846153846156 0.30288461538461536 0.02403846153846154 0.07211538461538461
2 0.39302884615384615 0.28846153846153844 0.021634615384615384 0.052884615384615384
3 0.8365384615384616 0.8846153846153846 0.20673076923076922 0.1778846153846154
3 0.12620192307692307 0.8834134615384616 0.19471153846153846 0.2283653846153846