1 0.8209134615384616 0.6646634615384616 0.18509615384615385 0.24519230769230768
1 0.65625 0.6971153846153846 0.13701923076923078 0.34615384615384615
1 0.6322115384615384 0.48197115384615385 0.13221153846153846 0.16346153846153846
1 0.36177884615384615 0.6394230769230769 0.1346153846153846 0.25240384615384615
1 0.4326923076923077 0.46153846153846156 0.11057692307692307 0.13701923076923078
1 0.3112980769230769 0.4411057692307692 0.125 0.15865384615384615
1 0.1658653846153846 0.8870192307692307 0.3125 0.22115384615384615
1 0.3425480769230769 0.2536057692307692 0.09134615384615384 0.11778846153846154
1 0.3713942307692308 0.13581730769230768 0.07451923076923077 0.0673076923076923
1 0.1310096153846154 0.18629807692307693 0.07692307692307693 0.07451923076923077
2 0.26322115384615385 0.5757211538461539 0.05048076923076923 0.2283653846153846
2 0.051682692307692304 0.8377403846153846 0.08653846153846154 0.2692307692307692
2 0.5949519230769231 0.078125 0.019230769230769232 0.052884615384615384
2 0.640625 0.0733173076923077 0.01201923076923077 0.057692307692307696
0 0.018028846153846152 0.15745192307692307 0.036057692307692304 0.15625
0 0.040865384615384616 0.078125 0.06009615384615385 0.0889423076923077
3 0.4723557692307692 0.7283653846153846 0.19230769230769232 0.43028846153846156