1 0.2692307692307692 0.8137019230769231 0.18509615384615385 0.30288461538461536
1 0.6658653846153846 0.7007211538461539 0.18509615384615385 0.22596153846153846
1 0.7019230769230769 0.8834134615384616 0.24278846153846154 0.2091346153846154
1 0.8942307692307693 0.8257211538461539 0.20673076923076922 0.2620192307692308
1 0.056490384615384616 0.2283653846153846 0.09134615384615384 0.08173076923076923
1 0.1310096153846154 0.203125 0.08173076923076923 0.07211538461538461
1 0.23197115384615385 0.16826923076923078 0.04807692307692308 0.06971153846153846
1 0.28125 0.18509615384615385 0.06490384615384616 0.0625
1 0.3245192307692308 0.20552884615384615 0.055288461538461536 0.07692307692307693
1 0.4110576923076923 0.18629807692307693 0.04567307692307692 0.06490384615384616
1 0.44350961538461536 0.15384615384615385 0.04326923076923077 0.057692307692307696
1 0.39663461538461536 0.140625 0.028846153846153848 0.036057692307692304
1 0.5985576923076923 0.203125 0.10336538461538461 0.07451923076923077
1 0.6165865384615384 0.24158653846153846 0.08413461538461539 0.08413461538461539
1 0.6057692307692307 0.34615384615384615 0.12740384615384615 0.125
2 0.09134615384615384 0.8918269230769231 0.11057692307692307 0.21153846153846154
2 0.16947115384615385 0.7439903846153846 0.09615384615384616 0.23076923076923078
2 0.3425480769230769 0.6153846153846154 0.11057692307692307 0.19951923076923078
2 0.5649038461538461 0.734375 0.07211538461538461 0.23076923076923078
2 0.7608173076923077 0.6442307692307693 0.09134615384615384 0.2091346153846154
3 0.35216346153846156 0.1658653846153846 0.040865384615384616 0.08173076923076923
3 0.4807692307692308 0.7980769230769231 0.21153846153846154 0.39903846153846156