1 0.3449519230769231 0.8233173076923077 0.18028846153846154 0.3485576923076923
1 0.515625 0.7908653846153846 0.16826923076923078 0.30288461538461536
1 0.6177884615384616 0.5384615384615384 0.14423076923076922 0.19230769230769232
1 0.4338942307692308 0.15144230769230768 0.052884615384615384 0.06009615384615385
1 0.5060096153846154 0.15504807692307693 0.0625 0.06009615384615385
1 0.6346153846153846 0.16466346153846154 0.055288461538461536 0.06009615384615385
1 0.8701923076923077 0.09615384615384616 0.040865384615384616 0.055288461538461536
2 0.30528846153846156 0.5228365384615384 0.0625 0.17307692307692307
2 0.38341346153846156 0.5372596153846154 0.06490384615384616 0.18028846153846154
2 0.43990384615384615 0.5024038461538461 0.06009615384615385 0.17307692307692307
2 0.4963942307692308 0.4951923076923077 0.0625 0.16346153846153846
2 0.4699519230769231 0.17067307692307693 0.021634615384615384 0.057692307692307696
3 0.9074519230769231 0.20432692307692307 0.1466346153846154 0.20673076923076922
3 0.38341346153846156 0.15625 0.06009615384615385 0.09375
3 0.9254807692307693 0.06129807692307692 0.0625 0.11298076923076923