1 0.8473557692307693 0.5997596153846154 0.1778846153846154 0.25721153846153844
1 0.6514423076923077 0.43509615384615385 0.1201923076923077 0.20673076923076922
1 0.46274038461538464 0.3713942307692308 0.10576923076923077 0.13942307692307693
1 0.6838942307692307 0.6141826923076923 0.12259615384615384 0.33653846153846156
1 0.3798076923076923 0.5769230769230769 0.11538461538461539 0.27163461538461536
1 0.4170673076923077 0.9423076923076923 0.2403846153846154 0.11057692307692307
1 0.18509615384615385 0.8401442307692307 0.2932692307692308 0.3173076923076923
1 0.3293269230769231 0.359375 0.11057692307692307 0.16826923076923078
1 0.3137019230769231 0.1658653846153846 0.09615384615384616 0.11538461538461539
1 0.4326923076923077 0.0625 0.07451923076923077 0.07692307692307693
1 0.06971153846153846 0.0985576923076923 0.09375 0.08173076923076923
2 0.05889423076923077 0.7560096153846154 0.09134615384615384 0.30288461538461536
2 0.2848557692307692 0.49278846153846156 0.057692307692307696 0.21634615384615385
2 0.6454326923076923 0.014423076923076924 0.021634615384615384 0.028846153846153848
2 0.6959134615384616 0.014423076923076924 0.016826923076923076 0.028846153846153848
2 0.018028846153846152 0.09375 0.03365384615384615 0.08653846153846154
0 0.040865384615384616 0.01201923076923077 0.06971153846153846 0.02403846153846154
3 0.49399038461538464 0.6646634615384616 0.17307692307692307 0.4423076923076923