1 0.2439903846153846 0.7295673076923077 0.16346153846153846 0.2956730769230769
1 0.6875 0.8810096153846154 0.2403846153846154 0.23076923076923078
1 0.890625 0.84375 0.19471153846153846 0.2956730769230769
1 0.6730769230769231 0.671875 0.17307692307692307 0.23798076923076922
1 0.3942307692307692 0.2800480769230769 0.21153846153846154 0.12740384615384615
1 0.0985576923076923 0.0985576923076923 0.09134615384615384 0.07211538461538461
1 0.26322115384615385 0.0829326923076923 0.07451923076923077 0.06971153846153846
1 0.5925480769230769 0.16466346153846154 0.10576923076923077 0.07932692307692307
1 0.5901442307692307 0.12860576923076922 0.09134615384615384 0.06009615384615385
1 0.28966346153846156 0.057692307692307696 0.04326923076923077 0.06490384615384616
1 0.3737980769230769 0.1045673076923077 0.038461538461538464 0.0625
1 0.36899038461538464 0.07932692307692307 0.05048076923076923 0.05048076923076923
1 0.5252403846153846 0.06009615384615385 0.03365384615384615 0.04326923076923077
1 0.5288461538461539 0.1201923076923077 0.028846153846153848 0.06490384615384616
1 0.49038461538461536 0.04326923076923077 0.036057692307692304 0.040865384615384616
2 0.052884615384615384 0.7139423076923077 0.08173076923076923 0.2644230769230769
2 0.27403846153846156 0.5661057692307693 0.11057692307692307 0.1658653846153846
2 0.4951923076923077 0.4675480769230769 0.07211538461538461 0.1658653846153846
2 0.5612980769230769 0.6838942307692307 0.04567307692307692 0.24519230769230768
2 0.7728365384615384 0.6165865384615384 0.0673076923076923 0.2091346153846154
2 0.40384615384615385 0.06490384615384616 0.01201923076923077 0.04807692307692308
2 0.4483173076923077 0.078125 0.016826923076923076 0.057692307692307696
3 0.48677884615384615 0.11778846153846154 0.0625 0.11298076923076923
3 0.46274038461538464 0.7608173076923077 0.17548076923076922 0.44471153846153844