1 0.390625 0.7319711538461539 0.17067307692307693 0.30528846153846156
1 0.42908653846153844 0.9338942307692307 0.21394230769230768 0.12980769230769232
1 0.11177884615384616 0.8677884615384616 0.22355769230769232 0.25
1 0.16105769230769232 0.6322115384615384 0.16346153846153846 0.2620192307692308
1 0.2920673076923077 0.4699519230769231 0.12740384615384615 0.19471153846153846
1 0.9903846153846154 0.2776442307692308 0.014423076923076924 0.15625
1 0.9471153846153846 0.18028846153846154 0.10096153846153846 0.11538461538461539
1 0.6286057692307693 0.19110576923076922 0.14182692307692307 0.10576923076923077
1 0.5180288461538461 0.006009615384615385 0.026442307692307692 0.01201923076923077
2 0.8088942307692307 0.7475961538461539 0.07451923076923077 0.28125
2 0.6165865384615384 0.47596153846153844 0.06009615384615385 0.16346153846153846
2 0.20192307692307693 0.34375 0.06971153846153846 0.18028846153846154
2 0.09615384615384616 0.3473557692307692 0.05048076923076923 0.125