1 0.6526442307692307 0.7764423076923077 0.19951923076923078 0.31009615384615385
1 0.21634615384615385 0.8545673076923077 0.2548076923076923 0.2403846153846154
1 0.2536057692307692 0.65625 0.20192307692307693 0.24759615384615385
1 0.06971153846153846 0.7932692307692307 0.13942307692307693 0.2980769230769231
1 0.8425480769230769 0.3401442307692308 0.1658653846153846 0.15144230769230768
1 0.8870192307692307 0.18629807692307693 0.09375 0.07932692307692307
1 0.7091346153846154 0.12139423076923077 0.05048076923076923 0.06490384615384616
1 0.6598557692307693 0.140625 0.06971153846153846 0.06971153846153846
1 0.5348557692307693 0.17067307692307693 0.09134615384615384 0.08413461538461539
1 0.4230769230769231 0.15745192307692307 0.0889423076923077 0.07932692307692307
1 0.3137019230769231 0.1778846153846154 0.08653846153846154 0.09134615384615384
1 0.49158653846153844 0.1045673076923077 0.040865384615384616 0.04807692307692308
2 0.8040865384615384 0.6502403846153846 0.11057692307692307 0.22355769230769232
2 0.359375 0.6850961538461539 0.07692307692307693 0.23557692307692307
2 0.36899038461538464 0.39663461538461536 0.06009615384615385 0.15865384615384615
2 0.1622596153846154 0.5961538461538461 0.08173076923076923 0.2091346153846154
2 0.4723557692307692 0.1658653846153846 0.04326923076923077 0.07932692307692307
2 0.3786057692307692 0.16346153846153846 0.05048076923076923 0.07692307692307693
3 0.5913461538461539 0.13581730769230768 0.0625 0.11057692307692307
3 0.44350961538461536 0.7680288461538461 0.22115384615384615 0.44471153846153844