1 0.234375 0.7439903846153846 0.19230769230769232 0.31490384615384615
1 0.6574519230769231 0.9110576923076923 0.25721153846153844 0.17307692307692307
1 0.8629807692307693 0.8870192307692307 0.21634615384615385 0.22115384615384615
1 0.6658653846153846 0.7391826923076923 0.19230769230769232 0.2668269230769231
1 0.15985576923076922 0.09014423076923077 0.09134615384615384 0.07932692307692307
1 0.35697115384615385 0.07211538461538461 0.052884615384615384 0.07692307692307693
1 0.41586538461538464 0.10576923076923077 0.06490384615384616 0.0673076923076923
1 0.4831730769230769 0.15865384615384615 0.07692307692307693 0.07451923076923077
1 0.6189903846153846 0.19831730769230768 0.10096153846153846 0.0889423076923077
1 0.5853365384615384 0.17307692307692307 0.07692307692307693 0.06971153846153846
1 0.5432692307692307 0.13581730769230768 0.040865384615384616 0.0625
1 0.59375 0.11057692307692307 0.04326923076923077 0.052884615384615384
2 0.11658653846153846 0.578125 0.09375 0.2283653846153846
2 0.5540865384615384 0.7367788461538461 0.06490384615384616 0.24519230769230768
2 0.7824519230769231 0.6983173076923077 0.08653846153846154 0.2091346153846154
2 0.6418269230769231 0.41346153846153844 0.05048076923076923 0.14903846153846154
2 0.5276442307692307 0.16346153846153846 0.026442307692307692 0.06009615384615385
3 0.4567307692307692 0.109375 0.04326923076923077 0.09615384615384616
3 0.4483173076923077 0.7824519230769231 0.2091346153846154 0.43028846153846156