1 0.7175480769230769 0.8028846153846154 0.1466346153846154 0.3605769230769231
1 0.5372596153846154 0.7896634615384616 0.14903846153846154 0.3004807692307692
1 0.4110576923076923 0.5360576923076923 0.12980769230769232 0.17067307692307693
1 0.8377403846153846 0.2824519230769231 0.125 0.11298076923076923
1 0.6694711538461539 0.09735576923076923 0.028846153846153848 0.04807692307692308
1 0.44471153846153844 0.17307692307692307 0.05048076923076923 0.06490384615384616
1 0.35697115384615385 0.17668269230769232 0.0673076923076923 0.0625
1 0.11177884615384616 0.13221153846153846 0.036057692307692304 0.04807692307692308
2 0.7103365384615384 0.5564903846153846 0.06490384615384616 0.12740384615384615
2 0.5649038461538461 0.5276442307692307 0.04567307692307692 0.18509615384615385
2 0.5228365384615384 0.484375 0.052884615384615384 0.16346153846153846
2 0.4375 0.6141826923076923 0.04567307692307692 0.19471153846153846
2 0.5264423076923077 0.29927884615384615 0.040865384615384616 0.11057692307692307
3 0.5144230769230769 0.1622596153846154 0.0673076923076923 0.0985576923076923
3 0.057692307692307696 0.10817307692307693 0.055288461538461536 0.11057692307692307