1 0.5913461538461539 0.4795673076923077 0.12980769230769232 0.18990384615384615
1 0.8028846153846154 0.6382211538461539 0.1875 0.2860576923076923
1 0.5697115384615384 0.19951923076923078 0.13701923076923078 0.10336538461538461
1 0.6526442307692307 0.15264423076923078 0.1201923076923077 0.10096153846153846
1 0.7451923076923077 0.15745192307692307 0.0889423076923077 0.0985576923076923
1 0.8365384615384616 0.17427884615384615 0.16105769230769232 0.125
1 0.828125 0.10216346153846154 0.1346153846153846 0.0985576923076923
1 0.6358173076923077 0.015625 0.03125 0.03125
1 0.6682692307692307 0.015625 0.04326923076923077 0.03125
1 0.7043269230769231 0.016826923076923076 0.04326923076923077 0.03365384615384615
2 0.7007211538461539 0.4963942307692308 0.06971153846153846 0.18509615384615385