1 0.7007211538461539 0.9050480769230769 0.18028846153846154 0.18509615384615385
1 0.5540865384615384 0.875 0.18509615384615385 0.24519230769230768
1 0.7391826923076923 0.47115384615384615 0.14182692307692307 0.12259615384615384
1 0.7223557692307693 0.421875 0.125 0.11057692307692307
1 0.33533653846153844 0.6502403846153846 0.13701923076923078 0.18990384615384615
1 0.5240384615384616 0.2512019230769231 0.038461538461538464 0.07211538461538461
1 0.546875 0.23197115384615385 0.03365384615384615 0.052884615384615384
1 0.5276442307692307 0.17307692307692307 0.026442307692307692 0.04326923076923077
1 0.5829326923076923 0.18389423076923078 0.028846153846153848 0.05048076923076923
2 0.6586538461538461 0.6826923076923077 0.08653846153846154 0.18269230769230768
2 0.7896634615384616 0.7211538461538461 0.07451923076923077 0.1875
2 0.3798076923076923 0.5012019230769231 0.06971153846153846 0.125
2 0.5997596153846154 0.21153846153846154 0.016826923076923076 0.05048076923076923
2 0.5697115384615384 0.20552884615384615 0.014423076923076924 0.038461538461538464
0 0.30649038461538464 0.39302884615384615 0.37259615384615385 0.2980769230769231
3 0.8810096153846154 0.9110576923076923 0.19471153846153846 0.17307692307692307
3 0.19230769230769232 0.8257211538461539 0.20673076923076922 0.31490384615384615