1 0.32091346153846156 0.796875 0.12740384615384615 0.3293269230769231
1 0.49158653846153844 0.7752403846153846 0.1346153846153846 0.27403846153846156
1 0.6117788461538461 0.5564903846153846 0.12980769230769232 0.17067307692307693
1 0.4387019230769231 0.16466346153846154 0.03125 0.05048076923076923
1 0.4951923076923077 0.1778846153846154 0.04567307692307692 0.040865384615384616
1 0.8870192307692307 0.17548076923076922 0.03125 0.055288461538461536
2 0.33052884615384615 0.5072115384615384 0.04807692307692308 0.13942307692307693
2 0.4050480769230769 0.5060096153846154 0.04326923076923077 0.15865384615384615
2 0.45072115384615385 0.4963942307692308 0.04326923076923077 0.15384615384615385
2 0.5012019230769231 0.4987980769230769 0.04567307692307692 0.1466346153846154
3 0.9350961538461539 0.1466346153846154 0.05048076923076923 0.10336538461538461
3 0.7728365384615384 0.25240384615384615 0.17307692307692307 0.15865384615384615