1 0.2644230769230769 0.7608173076923077 0.18509615384615385 0.34134615384615385
1 0.43509615384615385 0.8016826923076923 0.18990384615384615 0.31490384615384615
1 0.5925480769230769 0.5673076923076923 0.15384615384615385 0.1875
1 0.4266826923076923 0.2980769230769231 0.13701923076923078 0.12980769230769232
1 0.41225961538461536 0.10817307692307693 0.038461538461538464 0.057692307692307696
1 0.6971153846153846 0.24158653846153846 0.07932692307692307 0.07932692307692307
1 0.6514423076923077 0.203125 0.04807692307692308 0.0625
1 0.9362980769230769 0.22235576923076922 0.038461538461538464 0.055288461538461536
2 0.22596153846153846 0.6129807692307693 0.09134615384615384 0.21153846153846154
2 0.29927884615384615 0.5036057692307693 0.07451923076923077 0.17548076923076922
2 0.4675480769230769 0.5709134615384616 0.08173076923076923 0.18269230769230768
2 0.5540865384615384 0.6742788461538461 0.08653846153846154 0.20192307692307693
3 0.59375 0.21394230769230768 0.08653846153846154 0.10817307692307693
3 0.9795673076923077 0.2127403846153846 0.036057692307692304 0.10817307692307693