1 0.8473557692307693 0.8389423076923077 0.24519230769230768 0.31009615384615385
1 0.6887019230769231 0.5769230769230769 0.15865384615384615 0.18990384615384615
1 0.6478365384615384 0.8028846153846154 0.21394230769230768 0.3894230769230769
1 0.4495192307692308 0.5084134615384616 0.15144230769230768 0.15384615384615385
1 0.33774038461538464 0.6778846153846154 0.18028846153846154 0.2860576923076923
1 0.12620192307692307 0.8665865384615384 0.25240384615384615 0.18990384615384615
1 0.3485576923076923 0.46153846153846156 0.15144230769230768 0.1875
1 0.4987980769230769 0.2800480769230769 0.11057692307692307 0.12980769230769232
1 0.4206730769230769 0.10817307692307693 0.08173076923076923 0.07451923076923077
1 0.3245192307692308 0.1622596153846154 0.07932692307692307 0.0889423076923077
1 0.11899038461538461 0.17067307692307693 0.09615384615384616 0.10817307692307693
1 0.171875 0.018028846153846152 0.06971153846153846 0.036057692307692304
2 0.25 0.5841346153846154 0.08413461538461539 0.25
2 0.7019230769230769 0.13221153846153846 0.02403846153846154 0.06009615384615385
2 0.7572115384615384 0.125 0.028846153846153848 0.06971153846153846
0 0.15144230769230768 0.08413461538461539 0.1971153846153846 0.16826923076923078
3 0.44350961538461536 0.7740384615384616 0.25240384615384615 0.44711538461538464