1 0.7271634615384616 0.8341346153846154 0.25240384615384615 0.3245192307692308
1 0.546875 0.8497596153846154 0.25240384615384615 0.2956730769230769
1 0.2980769230769231 0.7944711538461539 0.22115384615384615 0.3317307692307692
1 0.08774038461538461 0.8533653846153846 0.17548076923076922 0.20192307692307693
1 0.11057692307692307 0.6634615384615384 0.19951923076923078 0.2548076923076923
1 0.28365384615384615 0.5985576923076923 0.1658653846153846 0.24519230769230768
1 0.5276442307692307 0.6490384615384616 0.15384615384615385 0.20432692307692307
1 0.6598557692307693 0.6165865384615384 0.20432692307692307 0.2403846153846154
1 0.5204326923076923 0.2620192307692308 0.18509615384615385 0.13942307692307693
1 0.3125 0.17067307692307693 0.09375 0.10817307692307693
1 0.2247596153846154 0.09375 0.11298076923076923 0.10096153846153846
1 0.18990384615384615 0.22596153846153846 0.09615384615384616 0.1201923076923077
1 0.3605769230769231 0.08653846153846154 0.06009615384615385 0.06971153846153846
2 0.734375 0.9026442307692307 0.12259615384615384 0.18990384615384615
2 0.43028846153846156 0.5132211538461539 0.08173076923076923 0.19471153846153846
2 0.34134615384615385 0.4639423076923077 0.09134615384615384 0.1875
2 0.18389423076923078 0.4495192307692308 0.08173076923076923 0.1971153846153846
2 0.21514423076923078 0.40384615384615385 0.06490384615384616 0.16105769230769232
2 0.3581730769230769 0.13341346153846154 0.052884615384615384 0.09134615384615384
0 0.5144230769230769 0.13701923076923078 0.20432692307692307 0.1778846153846154