1 0.22596153846153846 0.8858173076923077 0.16105769230769232 0.2091346153846154
1 0.375 0.8653846153846154 0.1658653846153846 0.2644230769230769
1 0.625 0.7199519230769231 0.12259615384615384 0.19951923076923078
1 0.4206730769230769 0.44711538461538464 0.17067307692307693 0.10576923076923077
1 0.5817307692307693 0.43509615384615385 0.15625 0.09615384615384616
1 0.6574519230769231 0.35216346153846156 0.09134615384615384 0.06971153846153846
1 0.78125 0.45552884615384615 0.12259615384615384 0.13942307692307693
1 0.41947115384615385 0.24158653846153846 0.038461538461538464 0.05048076923076923
1 0.4963942307692308 0.2980769230769231 0.057692307692307696 0.0673076923076923
1 0.4735576923076923 0.2512019230769231 0.028846153846153848 0.052884615384615384
1 0.46153846153846156 0.18629807692307693 0.019230769230769232 0.028846153846153848
1 0.41947115384615385 0.2091346153846154 0.03125 0.04567307692307692
2 0.16947115384615385 0.6850961538461539 0.0673076923076923 0.16346153846153846
2 0.29086538461538464 0.65625 0.06490384615384616 0.18028846153846154
2 0.35096153846153844 0.47596153846153844 0.08413461538461539 0.1201923076923077
2 0.5769230769230769 0.5324519230769231 0.057692307692307696 0.15865384615384615
2 0.6995192307692307 0.6201923076923077 0.038461538461538464 0.14903846153846154
2 0.45913461538461536 0.3173076923076923 0.026442307692307692 0.06009615384615385
2 0.44471153846153844 0.27283653846153844 0.021634615384615384 0.055288461538461536
3 0.07451923076923077 0.8822115384615384 0.14903846153846154 0.21634615384615385
3 0.7307692307692307 0.8461538461538461 0.1778846153846154 0.30288461538461536