1 0.7055288461538461 0.34134615384615385 0.17548076923076922 0.19471153846153846
1 0.5576923076923077 0.31009615384615385 0.13942307692307693 0.18990384615384615
1 0.5853365384615384 0.5 0.17548076923076922 0.23317307692307693
1 0.53125 0.6490384615384616 0.1971153846153846 0.28125
1 0.4495192307692308 0.39783653846153844 0.13701923076923078 0.1971153846153846
1 0.6129807692307693 0.11538461538461539 0.1466346153846154 0.11298076923076923
1 0.5180288461538461 0.0889423076923077 0.12980769230769232 0.10336538461538461
1 0.5036057692307693 0.037259615384615384 0.08413461538461539 0.07451923076923077
1 0.203125 0.014423076923076924 0.0985576923076923 0.028846153846153848
2 0.13942307692307693 0.23918269230769232 0.06009615384615385 0.17067307692307693
2 0.07572115384615384 0.22596153846153846 0.06971153846153846 0.17307692307692307