1 0.7019230769230769 0.8112980769230769 0.15144230769230768 0.34615384615384615
1 0.5348557692307693 0.7944711538461539 0.14423076923076922 0.2860576923076923
1 0.4026442307692308 0.5709134615384616 0.12259615384615384 0.1658653846153846
1 0.5552884615384616 0.1658653846153846 0.038461538461538464 0.055288461538461536
1 0.5 0.18629807692307693 0.05048076923076923 0.055288461538461536
1 0.41225961538461536 0.203125 0.052884615384615384 0.0625
2 0.6887019230769231 0.5084134615384616 0.04807692307692308 0.1466346153846154
2 0.6129807692307693 0.5168269230769231 0.055288461538461536 0.16826923076923078
2 0.5625 0.5060096153846154 0.05048076923076923 0.15625
2 0.5096153846153846 0.5168269230769231 0.055288461538461536 0.16826923076923078
3 0.04807692307692308 0.16947115384615385 0.06009615384615385 0.11298076923076923
3 0.59375 0.16105769230769232 0.04807692307692308 0.08653846153846154
3 0.19230769230769232 0.27403846153846156 0.1971153846153846 0.1658653846153846