1 0.34615384615384615 0.8233173076923077 0.18990384615384615 0.3125
1 0.7704326923076923 0.8882211538461539 0.23557692307692307 0.18509615384615385
1 0.7391826923076923 0.71875 0.18509615384615385 0.23557692307692307
1 0.9278846153846154 0.8341346153846154 0.13942307692307693 0.24519230769230768
1 0.13942307692307693 0.23557692307692307 0.09134615384615384 0.07932692307692307
1 0.33052884615384615 0.19831730769230768 0.07692307692307693 0.06971153846153846
1 0.3137019230769231 0.16826923076923078 0.04567307692307692 0.04807692307692308
1 0.42788461538461536 0.2283653846153846 0.06971153846153846 0.08413461538461539
1 0.5036057692307693 0.19471153846153846 0.04567307692307692 0.04567307692307692
1 0.5204326923076923 0.16947115384615385 0.040865384615384616 0.05048076923076923
1 0.4987980769230769 0.14423076923076922 0.028846153846153848 0.04326923076923077
1 0.5504807692307693 0.15144230769230768 0.04326923076923077 0.057692307692307696
2 0.18629807692307693 0.9519230769230769 0.11298076923076923 0.09134615384615384
2 0.21033653846153846 0.8173076923076923 0.0889423076923077 0.25961538461538464
2 0.3016826923076923 0.6730769230769231 0.11298076923076923 0.20192307692307693
2 0.6370192307692307 0.7403846153846154 0.06971153846153846 0.22355769230769232
2 0.8305288461538461 0.6646634615384616 0.08653846153846154 0.2091346153846154
2 0.22596153846153846 0.2247596153846154 0.040865384615384616 0.06490384615384616
2 0.49759615384615385 0.22235576923076922 0.026442307692307692 0.0625
2 0.38822115384615385 0.1875 0.026442307692307692 0.055288461538461536
3 0.5480769230769231 0.8004807692307693 0.20673076923076922 0.3942307692307692
3 0.6574519230769231 0.22956730769230768 0.10576923076923077 0.12980769230769232