1 0.8798076923076923 0.8100961538461539 0.23076923076923078 0.28846153846153844
1 0.6778846153846154 0.8221153846153846 0.16105769230769232 0.33653846153846156
1 0.6694711538461539 0.5985576923076923 0.14182692307692307 0.1875
1 0.43149038461538464 0.5865384615384616 0.14182692307692307 0.15144230769230768
1 0.3713942307692308 0.7307692307692307 0.15625 0.27163461538461536
1 0.33774038461538464 0.5480769230769231 0.12980769230769232 0.17067307692307693
1 0.47596153846153844 0.3557692307692308 0.08653846153846154 0.11538461538461539
1 0.29927884615384615 0.27403846153846156 0.07692307692307693 0.08173076923076923
1 0.29927884615384615 0.21153846153846154 0.06490384615384616 0.06009615384615385
1 0.15625 0.3269230769230769 0.07932692307692307 0.07211538461538461
1 0.17548076923076922 0.9459134615384616 0.2932692307692308 0.10336538461538461
0 0.13341346153846154 0.24639423076923078 0.1971153846153846 0.15865384615384615
0 0.10697115384615384 0.1622596153846154 0.052884615384615384 0.055288461538461536
3 0.47475961538461536 0.8161057692307693 0.21394230769230768 0.3629807692307692