1 0.21514423076923078 0.8617788461538461 0.1778846153846154 0.21394230769230768
1 0.35096153846153844 0.8605769230769231 0.18269230769230768 0.25721153846153844
1 0.5913461538461539 0.6935096153846154 0.1346153846153846 0.17067307692307693
1 0.18509615384615385 0.4567307692307692 0.09615384615384616 0.10817307692307693
1 0.19831730769230768 0.40865384615384615 0.09615384615384616 0.09615384615384616
1 0.5024038461538461 0.30408653846153844 0.040865384615384616 0.057692307692307696
1 0.48677884615384615 0.28365384615384615 0.026442307692307692 0.040865384615384616
1 0.5168269230769231 0.23918269230769232 0.02403846153846154 0.038461538461538464
1 0.5048076923076923 0.2668269230769231 0.021634615384615384 0.019230769230769232
1 0.46634615384615385 0.23798076923076922 0.02403846153846154 0.038461538461538464
2 0.17908653846153846 0.6682692307692307 0.07692307692307693 0.17548076923076922
2 0.29447115384615385 0.6574519230769231 0.07692307692307693 0.17548076923076922
2 0.5817307692307693 0.5552884615384616 0.07211538461538461 0.1201923076923077
2 0.45072115384615385 0.2536057692307692 0.016826923076923076 0.036057692307692304
2 0.4723557692307692 0.26322115384615385 0.01201923076923077 0.036057692307692304
0 0.5829326923076923 0.4567307692307692 0.35336538461538464 0.28846153846153844
3 0.07451923076923077 0.8377403846153846 0.14903846153846154 0.21394230769230768
3 0.6790865384615384 0.8653846153846154 0.19951923076923078 0.2644230769230769