1 0.18509615384615385 0.7103365384615384 0.19230769230769232 0.3076923076923077
1 0.5841346153846154 0.8978365384615384 0.2548076923076923 0.19951923076923078
1 0.7800480769230769 0.8786057692307693 0.21875 0.23798076923076922
1 0.5985576923076923 0.71875 0.19230769230769232 0.2620192307692308
1 0.13701923076923078 0.07932692307692307 0.09134615384615384 0.07692307692307693
1 0.32572115384615385 0.0673076923076923 0.052884615384615384 0.07451923076923077
1 0.38100961538461536 0.10216346153846154 0.06490384615384616 0.0673076923076923
1 0.44350961538461536 0.15504807692307693 0.07451923076923077 0.07451923076923077
1 0.5733173076923077 0.19831730769230768 0.10096153846153846 0.08653846153846154
1 0.5408653846153846 0.17307692307692307 0.07451923076923077 0.06971153846153846
1 0.5012019230769231 0.1346153846153846 0.04326923076923077 0.0625
1 0.5516826923076923 0.1141826923076923 0.04326923076923077 0.05048076923076923
2 0.078125 0.546875 0.09615384615384616 0.22115384615384615
2 0.49158653846153844 0.7127403846153846 0.07211538461538461 0.23557692307692307
2 0.7127403846153846 0.6850961538461539 0.0889423076923077 0.20432692307692307
2 0.5877403846153846 0.4050480769230769 0.052884615384615384 0.14182692307692307
2 0.48677884615384615 0.16105769230769232 0.026442307692307692 0.06009615384615385
3 0.4206730769230769 0.10817307692307693 0.04567307692307692 0.09375
3 0.3858173076923077 0.7668269230769231 0.21394230769230768 0.4423076923076923