1 0.7463942307692307 0.9086538461538461 0.16105769230769232 0.16346153846153846
1 0.6033653846153846 0.890625 0.15865384615384615 0.21394230769230768
1 0.375 0.7331730769230769 0.12740384615384615 0.18028846153846154
1 0.5552884615384616 0.5084134615384616 0.15384615384615385 0.11057692307692307
1 0.7872596153846154 0.4807692307692308 0.15625 0.10336538461538461
1 0.33653846153846156 0.40384615384615385 0.10336538461538461 0.09134615384615384
1 0.5072115384615384 0.3329326923076923 0.04326923076923077 0.057692307692307696
1 0.4639423076923077 0.37259615384615385 0.06009615384615385 0.07692307692307693
1 0.4987980769230769 0.29086538461538464 0.03365384615384615 0.05048076923076923
1 0.5540865384615384 0.28365384615384615 0.03125 0.05048076923076923
1 0.5504807692307693 0.21394230769230768 0.019230769230769232 0.02403846153846154
1 0.5096153846153846 0.23557692307692307 0.016826923076923076 0.026442307692307692
2 0.8004807692307693 0.7271634615384616 0.0625 0.1658653846153846
2 0.6802884615384616 0.7079326923076923 0.06971153846153846 0.1875
2 0.41225961538461536 0.5853365384615384 0.05048076923076923 0.14903846153846154
2 0.2800480769230769 0.7019230769230769 0.05048076923076923 0.1346153846153846
2 0.5733173076923077 0.3317307692307692 0.019230769230769232 0.06490384615384616
2 0.5408653846153846 0.31490384615384615 0.016826923076923076 0.04807692307692308
3 0.9122596153846154 0.8930288461538461 0.17067307692307693 0.17548076923076922
3 0.2608173076923077 0.8725961538461539 0.18028846153846154 0.25