1 0.7091346153846154 0.7463942307692307 0.15865384615384615 0.2668269230769231
1 0.32091346153846156 0.8737980769230769 0.21394230769230768 0.23798076923076922
1 0.34375 0.6706730769230769 0.16346153846153846 0.20192307692307693
1 0.14543269230769232 0.8233173076923077 0.1778846153846154 0.2860576923076923
1 0.8677884615384616 0.20552884615384615 0.07932692307692307 0.0673076923076923
1 0.7043269230769231 0.16105769230769232 0.04326923076923077 0.06009615384615385
1 0.5925480769230769 0.21033653846153846 0.0625 0.0625
1 0.6478365384615384 0.1778846153846154 0.04567307692307692 0.055288461538461536
1 0.5372596153846154 0.18509615384615385 0.036057692307692304 0.057692307692307696
1 0.49399038461538464 0.22716346153846154 0.09134615384615384 0.08173076923076923
1 0.35216346153846156 0.2283653846153846 0.057692307692307696 0.055288461538461536
1 0.49278846153846156 0.14903846153846154 0.03125 0.040865384615384616
2 0.8353365384615384 0.625 0.07932692307692307 0.19471153846153846
2 0.4362980769230769 0.6875 0.057692307692307696 0.20673076923076922
2 0.018028846153846152 0.8942307692307693 0.036057692307692304 0.14903846153846154
2 0.2548076923076923 0.6298076923076923 0.06009615384615385 0.18509615384615385
2 0.4074519230769231 0.40384615384615385 0.038461538461538464 0.12740384615384615
2 0.5600961538461539 0.20432692307692307 0.02403846153846154 0.0673076923076923
3 0.6141826923076923 0.171875 0.036057692307692304 0.07692307692307693
3 0.5216346153846154 0.765625 0.16826923076923078 0.3942307692307692