1 0.9074519230769231 0.7524038461538461 0.18028846153846154 0.3798076923076923
1 0.7752403846153846 0.8353365384615384 0.2860576923076923 0.3076923076923077
1 0.44711538461538464 0.8112980769230769 0.23557692307692307 0.37259615384615385
1 0.16466346153846154 0.9134615384615384 0.28125 0.16826923076923078
1 0.18509615384615385 0.7103365384615384 0.21875 0.30528846153846156
1 0.6814903846153846 0.6177884615384616 0.18269230769230768 0.2932692307692308
1 0.8269230769230769 0.5228365384615384 0.23557692307692307 0.2932692307692308
1 0.375 0.5841346153846154 0.18269230769230768 0.28365384615384615
1 0.33653846153846156 0.05048076923076923 0.15384615384615385 0.0889423076923077
1 0.04326923076923077 0.1502403846153846 0.08653846153846154 0.15625
2 0.9627403846153846 0.8449519230769231 0.06971153846153846 0.24759615384615385
2 0.5564903846153846 0.6526442307692307 0.08653846153846154 0.30288461538461536
2 0.5180288461538461 0.5456730769230769 0.09375 0.25721153846153844
2 0.22355769230769232 0.4375 0.08173076923076923 0.23317307692307693
2 0.2512019230769231 0.3713942307692308 0.052884615384615384 0.19230769230769232
2 0.3581730769230769 0.07692307692307693 0.06490384615384616 0.10817307692307693
0 0.5420673076923077 0.042067307692307696 0.23798076923076922 0.08413461538461539