1 0.7415865384615384 0.8173076923076923 0.29086538461538464 0.3389423076923077
1 0.5408653846153846 0.8689903846153846 0.27403846153846156 0.25721153846153844
1 0.23076923076923078 0.8605769230769231 0.25 0.27403846153846156
1 0.056490384615384616 0.8161057692307693 0.07932692307692307 0.28365384615384615
1 0.16105769230769232 0.6923076923076923 0.18509615384615385 0.28125
1 0.46153846153846156 0.6862980769230769 0.18269230769230768 0.23557692307692307
1 0.6069711538461539 0.6105769230769231 0.23076923076923078 0.28125
1 0.0829326923076923 0.24879807692307693 0.1658653846153846 0.1658653846153846
1 0.06850961538461539 0.11298076923076923 0.10336538461538461 0.10336538461538461
1 0.052884615384615384 0.171875 0.07692307692307693 0.09134615384615384
1 0.25600961538461536 0.14423076923076922 0.1346153846153846 0.09615384615384616
1 0.38221153846153844 0.20552884615384615 0.1658653846153846 0.11538461538461539
2 0.7704326923076923 0.8930288461538461 0.11778846153846154 0.1658653846153846
2 0.31971153846153844 0.6225961538461539 0.09615384615384616 0.25961538461538464
2 0.24519230769230768 0.5600961538461539 0.10096153846153846 0.25240384615384615
2 0.026442307692307692 0.5576923076923077 0.052884615384615384 0.21634615384615385
2 0.03365384615384615 0.49399038461538464 0.0625 0.19471153846153846
2 0.23197115384615385 0.20072115384615385 0.08413461538461539 0.10336538461538461
2 0.11298076923076923 0.1346153846153846 0.06009615384615385 0.10336538461538461
0 0.296875 0.10336538461538461 0.23076923076923078 0.18990384615384615