1 0.24879807692307693 0.8076923076923077 0.16105769230769232 0.28125
1 0.6694711538461539 0.9194711538461539 0.22596153846153846 0.15625
1 0.8665865384615384 0.8822115384615384 0.18028846153846154 0.22115384615384615
1 0.6574519230769231 0.7463942307692307 0.1658653846153846 0.21875
1 0.1045673076923077 0.203125 0.0889423076923077 0.07211538461538461
1 0.12620192307692307 0.18389423076923078 0.07692307692307693 0.07211538461538461
1 0.28725961538461536 0.15745192307692307 0.040865384615384616 0.052884615384615384
1 0.3112980769230769 0.18509615384615385 0.0625 0.06490384615384616
1 0.38822115384615385 0.21995192307692307 0.055288461538461536 0.08173076923076923
1 0.6826923076923077 0.25 0.040865384615384616 0.05048076923076923
1 0.49399038461538464 0.17427884615384615 0.03125 0.05048076923076923
1 0.44350961538461536 0.15625 0.03365384615384615 0.04326923076923077
2 0.06370192307692307 0.9206730769230769 0.0985576923076923 0.15384615384615385
2 0.1201923076923077 0.7704326923076923 0.0625 0.23798076923076922
2 0.2548076923076923 0.6177884615384616 0.09375 0.125
2 0.5552884615384616 0.7668269230769231 0.04326923076923077 0.23076923076923078
2 0.7536057692307693 0.6995192307692307 0.06490384615384616 0.18509615384615385
2 0.17427884615384615 0.1971153846153846 0.036057692307692304 0.0625
2 0.45552884615384615 0.22235576923076922 0.021634615384615384 0.07692307692307693
3 0.6021634615384616 0.2439903846153846 0.10096153846153846 0.10576923076923077
3 0.4579326923076923 0.8100961538461539 0.1658653846153846 0.375