1 0.7007211538461539 0.8485576923076923 0.14903846153846154 0.2283653846153846
1 0.5769230769230769 0.8173076923076923 0.14903846153846154 0.24519230769230768
1 0.5108173076923077 0.9615384615384616 0.17067307692307693 0.07211538461538461
1 0.36899038461538464 0.640625 0.10576923076923077 0.16826923076923078
1 0.6502403846153846 0.4519230769230769 0.1201923076923077 0.0985576923076923
1 0.6189903846153846 0.4170673076923077 0.10096153846153846 0.10576923076923077
1 0.484375 0.2956730769230769 0.04326923076923077 0.06009615384615385
1 0.4987980769230769 0.28125 0.028846153846153848 0.04807692307692308
1 0.5276442307692307 0.2283653846153846 0.019230769230769232 0.03365384615384615
1 0.4807692307692308 0.22716346153846154 0.019230769230769232 0.028846153846153848
1 0.4891826923076923 0.25240384615384615 0.021634615384615384 0.028846153846153848
2 0.9519230769230769 0.8737980769230769 0.05048076923076923 0.20432692307692307
2 0.7524038461538461 0.6514423076923077 0.06009615384615385 0.13942307692307693
2 0.6394230769230769 0.6322115384615384 0.0625 0.15865384615384615
2 0.390625 0.5144230769230769 0.06009615384615385 0.11057692307692307
2 0.5480769230769231 0.2512019230769231 0.007211538461538462 0.040865384615384616
2 0.5216346153846154 0.2512019230769231 0.014423076923076924 0.038461538461538464
0 0.29927884615384615 0.42908653846153844 0.28846153846153844 0.23557692307692307
3 0.8545673076923077 0.8581730769230769 0.17067307692307693 0.25240384615384615
3 0.2704326923076923 0.8305288461538461 0.17067307692307693 0.33413461538461536