1 0.6790865384615384 0.8533653846153846 0.1346153846153846 0.21153846153846154
1 0.5528846153846154 0.8197115384615384 0.12980769230769232 0.23557692307692307
1 0.48197115384615385 0.9579326923076923 0.15865384615384615 0.08173076923076923
1 0.3581730769230769 0.6430288461538461 0.10576923076923077 0.15384615384615385
1 0.5276442307692307 0.453125 0.12980769230769232 0.09134615384615384
1 0.7331730769230769 0.4411057692307692 0.1346153846153846 0.08413461538461539
1 0.3389423076923077 0.35096153846153844 0.08653846153846154 0.07692307692307693
1 0.49278846153846156 0.2956730769230769 0.03365384615384615 0.04807692307692308
1 0.453125 0.33052884615384615 0.04807692307692308 0.0673076923076923
1 0.4879807692307692 0.25961538461538464 0.026442307692307692 0.04326923076923077
1 0.5360576923076923 0.25600961538461536 0.02403846153846154 0.04326923076923077
1 0.5372596153846154 0.1935096153846154 0.016826923076923076 0.019230769230769232
1 0.5 0.21153846153846154 0.014423076923076924 0.02403846153846154
2 0.9242788461538461 0.8942307692307693 0.040865384615384616 0.20673076923076922
2 0.734375 0.6586538461538461 0.04807692307692308 0.14423076923076922
2 0.6286057692307693 0.6358173076923077 0.052884615384615384 0.16346153846153846
2 0.39663461538461536 0.5144230769230769 0.038461538461538464 0.12980769230769232
2 0.27524038461538464 0.6117788461538461 0.038461538461538464 0.11778846153846154
2 0.5516826923076923 0.2980769230769231 0.014423076923076924 0.057692307692307696
2 0.5228365384615384 0.2824519230769231 0.014423076923076924 0.040865384615384616
3 0.8305288461538461 0.8641826923076923 0.15384615384615385 0.25240384615384615
3 0.24879807692307693 0.8269230769230769 0.14423076923076922 0.34134615384615385