1 0.15865384615384615 0.7872596153846154 0.2091346153846154 0.3557692307692308
1 0.6298076923076923 0.78125 0.2091346153846154 0.2860576923076923
1 0.625 0.9326923076923077 0.2644230769230769 0.12980769230769232
1 0.8509615384615384 0.9098557692307693 0.22596153846153846 0.17548076923076922
1 0.3088942307692308 0.3016826923076923 0.24519230769230768 0.16346153846153846
1 0.5949519230769231 0.2091346153846154 0.12259615384615384 0.10336538461538461
1 0.08653846153846154 0.07692307692307693 0.0985576923076923 0.09615384615384616
1 0.27524038461538464 0.08533653846153846 0.08413461538461539 0.07451923076923077
1 0.296875 0.051682692307692304 0.04807692307692308 0.06009615384615385
1 0.38221153846153844 0.09254807692307693 0.057692307692307696 0.06490384615384616
1 0.38341346153846156 0.11778846153846154 0.04567307692307692 0.08173076923076923
1 0.5540865384615384 0.09495192307692307 0.04567307692307692 0.052884615384615384
1 0.5985576923076923 0.16706730769230768 0.10336538461538461 0.06971153846153846
1 0.5204326923076923 0.06971153846153846 0.038461538461538464 0.05048076923076923
2 0.007211538461538462 0.7235576923076923 0.014423076923076924 0.27884615384615385
2 0.2548076923076923 0.609375 0.14423076923076922 0.20432692307692307
2 0.4855769230769231 0.5276442307692307 0.08653846153846154 0.1875
2 0.5084134615384616 0.7752403846153846 0.0673076923076923 0.2620192307692308
2 0.7463942307692307 0.7295673076923077 0.09134615384615384 0.22596153846153846
2 0.4230769230769231 0.07692307692307693 0.019230769230769232 0.055288461538461536
2 0.7067307692307693 0.21995192307692307 0.057692307692307696 0.0985576923076923
3 0.40024038461538464 0.796875 0.21634615384615385 0.4014423076923077
3 0.4855769230769231 0.14783653846153846 0.08653846153846154 0.12980769230769232