1 0.30649038461538464 0.8473557692307693 0.25721153846153844 0.3004807692307692
1 0.4855769230769231 0.8677884615384616 0.2548076923076923 0.25961538461538464
1 0.7391826923076923 0.8137019230769231 0.2283653846153846 0.3269230769230769
1 0.9302884615384616 0.8581730769230769 0.1346153846153846 0.17307692307692307
1 0.9110576923076923 0.6790865384615384 0.17307692307692307 0.25721153846153844
1 0.7512019230769231 0.6237980769230769 0.17067307692307693 0.2548076923076923
1 0.5084134615384616 0.6983173076923077 0.1658653846153846 0.25240384615384615
1 0.3737980769230769 0.6478365384615384 0.20432692307692307 0.25
1 0.7896634615384616 0.23798076923076922 0.2091346153846154 0.16105769230769232
1 0.9170673076923077 0.1935096153846154 0.09375 0.11778846153846154
1 0.6899038461538461 0.16706730769230768 0.14182692307692307 0.10336538461538461
1 0.6514423076923077 0.055288461538461536 0.040865384615384616 0.06009615384615385
2 0.30528846153846156 0.9194711538461539 0.11538461538461539 0.15625
2 0.6177884615384616 0.703125 0.0889423076923077 0.24278846153846154
2 0.6286057692307693 0.5985576923076923 0.08413461538461539 0.21394230769230768
2 0.8461538461538461 0.4723557692307692 0.08173076923076923 0.20192307692307693
2 0.8100961538461539 0.42427884615384615 0.0625 0.1658653846153846
2 0.6334134615384616 0.22355769230769232 0.0625 0.0985576923076923
0 0.5084134615384616 0.13341346153846154 0.18990384615384615 0.12980769230769232