1 0.31009615384615385 0.7908653846153846 0.14903846153846154 0.3389423076923077
1 0.4879807692307692 0.7752403846153846 0.15384615384615385 0.28846153846153844
1 0.6201923076923077 0.5480769230769231 0.1346153846153846 0.17307692307692307
1 0.4963942307692308 0.15504807692307693 0.04567307692307692 0.06009615384615385
1 0.38100961538461536 0.09495192307692307 0.028846153846153848 0.04807692307692308
1 0.5625 0.16706730769230768 0.057692307692307696 0.06009615384615385
2 0.33052884615384615 0.4831730769230769 0.04807692307692308 0.15865384615384615
2 0.39903846153846156 0.5096153846153846 0.04807692307692308 0.15865384615384615
2 0.4579326923076923 0.48197115384615385 0.05048076923076923 0.16105769230769232
2 0.5108173076923077 0.4951923076923077 0.06009615384615385 0.1658653846153846
2 0.5216346153846154 0.18028846153846154 0.026442307692307692 0.052884615384615384
3 0.9242788461538461 0.27283653846153844 0.1466346153846154 0.18990384615384615
3 0.9723557692307693 0.13581730769230768 0.05048076923076923 0.10336538461538461
3 0.4483173076923077 0.1502403846153846 0.0625 0.09375