1 0.25 0.8653846153846154 0.27884615384615385 0.2644230769230769
1 0.46274038461538464 0.8954326923076923 0.27163461538461536 0.20432692307692307
1 0.7764423076923077 0.8581730769230769 0.23317307692307693 0.2620192307692308
1 0.9543269230769231 0.7884615384615384 0.08653846153846154 0.2932692307692308
1 0.8161057692307693 0.6850961538461539 0.18269230769230768 0.28846153846153844
1 0.5144230769230769 0.7211538461538461 0.17067307692307693 0.23798076923076922
1 0.3557692307692308 0.6670673076923077 0.2283653846153846 0.28125
1 0.5637019230769231 0.25 0.21634615384615385 0.15384615384615385
1 0.8269230769230769 0.15745192307692307 0.10576923076923077 0.125
1 0.9290865384615384 0.07572115384615384 0.10336538461538461 0.11298076923076923
1 0.953125 0.24278846153846154 0.06971153846153846 0.13942307692307693
1 0.7788461538461539 0.051682692307692304 0.06971153846153846 0.08173076923076923
2 0.23076923076923078 0.9471153846153846 0.1201923076923077 0.10096153846153846
2 0.6478365384615384 0.5661057692307693 0.07932692307692307 0.23317307692307693
2 0.7608173076923077 0.515625 0.09134615384615384 0.22596153846153846
2 0.953125 0.5132211538461539 0.08173076923076923 0.23798076923076922
2 0.9206730769230769 0.4543269230769231 0.0625 0.1971153846153846
2 0.7752403846153846 0.109375 0.057692307692307696 0.10817307692307693
0 0.5853365384615384 0.0985576923076923 0.23798076923076922 0.1971153846153846