1 0.7007211538461539 0.8040865384615384 0.18028846153846154 0.2956730769230769
1 0.28966346153846156 0.8846153846153846 0.2283653846153846 0.20432692307692307
1 0.32211538461538464 0.7091346153846154 0.18028846153846154 0.23076923076923078
1 0.109375 0.8317307692307693 0.19230769230769232 0.25961538461538464
1 0.8966346153846154 0.2439903846153846 0.08653846153846154 0.07451923076923077
1 0.5925480769230769 0.23918269230769232 0.07451923076923077 0.07692307692307693
1 0.6742788461538461 0.20552884615384615 0.0625 0.0673076923076923
1 0.7295673076923077 0.18870192307692307 0.04807692307692308 0.0673076923076923
1 0.4495192307692308 0.24519230769230768 0.10096153846153846 0.08413461538461539
1 0.4951923076923077 0.23197115384615385 0.08413461538461539 0.06490384615384616
1 0.5504807692307693 0.20793269230769232 0.040865384615384616 0.06490384615384616
1 0.5144230769230769 0.17067307692307693 0.04326923076923077 0.04807692307692308
2 0.8377403846153846 0.6814903846153846 0.0889423076923077 0.21153846153846154
2 0.4206730769230769 0.7307692307692307 0.06490384615384616 0.21634615384615385
2 0.2247596153846154 0.6490384615384616 0.08173076923076923 0.19951923076923078
2 0.26322115384615385 0.5877403846153846 0.0673076923076923 0.17307692307692307
2 0.4110576923076923 0.4387019230769231 0.05048076923076923 0.14423076923076922
2 0.5492788461538461 0.23677884615384615 0.03365384615384615 0.06971153846153846
3 0.6298076923076923 0.20072115384615385 0.04326923076923077 0.09615384615384616
3 0.5036057692307693 0.796875 0.20432692307692307 0.4014423076923077