1 0.23677884615384615 0.7932692307692307 0.21394230769230768 0.28846153846153844
1 0.4074519230769231 0.8521634615384616 0.21153846153846154 0.2932692307692308
1 0.6550480769230769 0.8209134615384616 0.18028846153846154 0.2980769230769231
1 0.8846153846153846 0.9146634615384616 0.22115384615384615 0.1658653846153846
1 0.8569711538461539 0.7259615384615384 0.16346153846153846 0.23076923076923078
1 0.7007211538461539 0.6370192307692307 0.1346153846153846 0.21634615384615385
1 0.4579326923076923 0.6550480769230769 0.12740384615384615 0.1875
1 0.33533653846153844 0.6009615384615384 0.17067307692307693 0.22115384615384615
1 0.6959134615384616 0.08533653846153846 0.038461538461538464 0.03125
1 0.8497596153846154 0.16947115384615385 0.06490384615384616 0.0673076923076923
2 0.21875 0.8870192307692307 0.09375 0.21394230769230768
2 0.6971153846153846 0.4639423076923077 0.06490384615384616 0.125
2 0.7175480769230769 0.43509615384615385 0.0673076923076923 0.1346153846153846
2 0.8185096153846154 0.5120192307692307 0.04807692307692308 0.18509615384615385
2 0.7932692307692307 0.46033653846153844 0.040865384615384616 0.16346153846153846
2 0.9146634615384616 0.31850961538461536 0.057692307692307696 0.11538461538461539
0 0.5889423076923077 0.24278846153846154 0.46634615384615385 0.2668269230769231