1 0.6947115384615384 0.8713942307692307 0.16105769230769232 0.23557692307692307
1 0.5576923076923077 0.8449519230769231 0.16346153846153846 0.25
1 0.4951923076923077 0.9783653846153846 0.1778846153846154 0.038461538461538464
1 0.3389423076923077 0.6574519230769231 0.1201923076923077 0.16826923076923078
1 0.7560096153846154 0.45072115384615385 0.08413461538461539 0.10817307692307693
1 0.40024038461538464 0.33413461538461536 0.07692307692307693 0.07692307692307693
1 0.453125 0.30288461538461536 0.038461538461538464 0.052884615384615384
1 0.5036057692307693 0.23677884615384615 0.021634615384615384 0.040865384615384616
1 0.45072115384615385 0.23798076923076922 0.021634615384615384 0.03365384615384615
1 0.4567307692307692 0.20072115384615385 0.019230769230769232 0.028846153846153848
2 0.953125 0.8810096153846154 0.055288461538461536 0.17548076923076922
2 0.7439903846153846 0.6646634615384616 0.06971153846153846 0.16346153846153846
2 0.6274038461538461 0.6466346153846154 0.07451923076923077 0.17067307692307693
2 0.24519230769230768 0.640625 0.052884615384615384 0.14182692307692307
2 0.5240384615384616 0.265625 0.014423076923076924 0.04807692307692308
2 0.48677884615384615 0.2644230769230769 0.016826923076923076 0.04326923076923077
3 0.8521634615384616 0.8653846153846154 0.18269230769230768 0.2283653846153846
3 0.23076923076923078 0.8461538461538461 0.1778846153846154 0.30288461538461536