1 0.7331730769230769 0.8449519230769231 0.24759615384615385 0.3004807692307692
1 0.5360576923076923 0.8810096153846154 0.25 0.23317307692307693
1 0.24158653846153846 0.8605769230769231 0.21394230769230768 0.27403846153846156
1 0.055288461538461536 0.7884615384615384 0.10336538461538461 0.2692307692307692
1 0.19110576923076922 0.6850961538461539 0.16105769230769232 0.2644230769230769
1 0.4735576923076923 0.6995192307692307 0.15384615384615385 0.21153846153846154
1 0.6177884615384616 0.6478365384615384 0.20432692307692307 0.2620192307692308
1 0.2848557692307692 0.25961538461538464 0.20192307692307693 0.14903846153846154
1 0.13822115384615385 0.19230769230769232 0.07932692307692307 0.11057692307692307
1 0.17427884615384615 0.10336538461538461 0.07451923076923077 0.07692307692307693
1 0.015625 0.13581730769230768 0.03125 0.0985576923076923
2 0.7536057692307693 0.9206730769230769 0.10096153846153846 0.1466346153846154
2 0.3557692307692308 0.5877403846153846 0.07451923076923077 0.22596153846153846
2 0.25 0.5372596153846154 0.08173076923076923 0.21634615384615385
2 0.052884615384615384 0.5348557692307693 0.07211538461538461 0.21394230769230768
2 0.07572115384615384 0.47475961538461536 0.06009615384615385 0.1778846153846154
2 0.1935096153846154 0.15264423076923078 0.05048076923076923 0.09375
0 0.3701923076923077 0.11899038461538461 0.2091346153846154 0.15625