1 0.890625 0.7307692307692307 0.19471153846153846 0.3125
1 0.4423076923076923 0.9002403846153846 0.2548076923076923 0.19471153846153846
1 0.4387019230769231 0.7091346153846154 0.19471153846153846 0.2620192307692308
1 0.22956730769230768 0.8725961538461539 0.21875 0.25
1 0.9567307692307693 0.06009615384615385 0.026442307692307692 0.08173076923076923
1 0.7872596153846154 0.03485576923076923 0.055288461538461536 0.06971153846153846
1 0.6646634615384616 0.10817307692307693 0.07451923076923077 0.07692307692307693
1 0.5625 0.13221153846153846 0.10096153846153846 0.09134615384615384
1 0.38221153846153844 0.203125 0.07692307692307693 0.07932692307692307
1 0.38341346153846156 0.1622596153846154 0.08653846153846154 0.07692307692307693
1 0.5913461538461539 0.08413461538461539 0.04326923076923077 0.06971153846153846
1 0.7151442307692307 0.057692307692307696 0.052884615384615384 0.0673076923076923
1 0.5264423076923077 0.056490384615384616 0.036057692307692304 0.05048076923076923
2 0.9795673076923077 0.5685096153846154 0.036057692307692304 0.23798076923076922
2 0.5576923076923077 0.7091346153846154 0.0625 0.2548076923076923
2 0.32211538461538464 0.6658653846153846 0.07692307692307693 0.22355769230769232
2 0.3485576923076923 0.5709134615384616 0.06971153846153846 0.20673076923076922
2 0.4675480769230769 0.36658653846153844 0.05048076923076923 0.15384615384615385
2 0.06610576923076923 0.9735576923076923 0.06971153846153846 0.04807692307692308
2 0.6274038461538461 0.09375 0.026442307692307692 0.07932692307692307
3 0.6742788461538461 0.04927884615384615 0.04326923076923077 0.08173076923076923
3 0.6670673076923077 0.7740384615384616 0.20192307692307693 0.4375