1 0.7211538461538461 0.8858173076923077 0.15865384615384615 0.21634615384615385
1 0.5925480769230769 0.8533653846153846 0.14423076923076922 0.23798076923076922
1 0.5216346153846154 0.9855769230769231 0.17307692307692307 0.02403846153846154
1 0.3737980769230769 0.703125 0.12740384615384615 0.1778846153846154
1 0.6838942307692307 0.47596153846153844 0.15865384615384615 0.09615384615384616
1 0.5336538461538461 0.4579326923076923 0.13942307692307693 0.0985576923076923
1 0.32572115384615385 0.4807692307692308 0.1346153846153846 0.0985576923076923
1 0.21394230769230768 0.3918269230769231 0.11057692307692307 0.09134615384615384
1 0.3942307692307692 0.3713942307692308 0.07451923076923077 0.06971153846153846
1 0.49399038461538464 0.3269230769230769 0.04567307692307692 0.057692307692307696
1 0.5012019230769231 0.2764423076923077 0.03125 0.04326923076923077
1 0.5504807692307693 0.27163461538461536 0.03125 0.04567307692307692
1 0.5120192307692307 0.22355769230769232 0.014423076923076924 0.03125
1 0.5504807692307693 0.19831730769230768 0.016826923076923076 0.026442307692307692
2 0.9771634615384616 0.8966346153846154 0.040865384615384616 0.17307692307692307
2 0.6694711538461539 0.6598557692307693 0.06490384615384616 0.16346153846153846
2 0.7355769230769231 0.4951923076923077 0.07692307692307693 0.10576923076923077
2 0.41947115384615385 0.5528846153846154 0.04807692307692308 0.12259615384615384
2 0.29447115384615385 0.6442307692307693 0.03365384615384615 0.12980769230769232
2 0.5432692307692307 0.3293269230769231 0.016826923076923076 0.040865384615384616
2 0.5324519230769231 0.30408653846153844 0.014423076923076924 0.04326923076923077
3 0.8858173076923077 0.8822115384615384 0.17067307692307693 0.21153846153846154
3 0.2692307692307692 0.8497596153846154 0.15865384615384615 0.2956730769230769