1 0.7548076923076923 0.6899038461538461 0.18509615384615385 0.28125
1 0.41346153846153844 0.8846153846153846 0.23557692307692307 0.22596153846153846
1 0.38341346153846156 0.6995192307692307 0.1778846153846154 0.21634615384615385
1 0.2283653846153846 0.8725961538461539 0.20192307692307693 0.25
1 0.7740384615384616 0.125 0.08653846153846154 0.07451923076923077
1 0.6105769230769231 0.12139423076923077 0.04807692307692308 0.06490384615384616
1 0.5528846153846154 0.15264423076923078 0.04326923076923077 0.055288461538461536
1 0.5192307692307693 0.18990384615384615 0.06490384615384616 0.07211538461538461
1 0.453125 0.17307692307692307 0.036057692307692304 0.038461538461538464
1 0.39663461538461536 0.16466346153846154 0.028846153846153848 0.036057692307692304
1 0.44711538461538464 0.22115384615384615 0.09134615384615384 0.0889423076923077
1 0.3137019230769231 0.29447115384615385 0.10576923076923077 0.08413461538461539
1 0.30408653846153844 0.25721153846153844 0.09375 0.06490384615384616
2 0.8449519230769231 0.5360576923076923 0.09375 0.20673076923076922
2 0.4795673076923077 0.6947115384615384 0.06971153846153846 0.20673076923076922
2 0.28725961538461536 0.6754807692307693 0.08413461538461539 0.18028846153846154
2 0.3016826923076923 0.5973557692307693 0.07211538461538461 0.1658653846153846
2 0.109375 0.9627403846153846 0.07932692307692307 0.06971153846153846
2 0.375 0.421875 0.052884615384615384 0.12980769230769232
2 0.4891826923076923 0.18389423076923078 0.028846153846153848 0.06971153846153846
3 0.578125 0.7463942307692307 0.20432692307692307 0.40384615384615385
3 0.5204326923076923 0.14543269230769232 0.040865384615384616 0.07692307692307693