1 0.21754807692307693 0.7560096153846154 0.25240384615384615 0.32211538461538464
1 0.3870192307692308 0.8377403846153846 0.24519230769230768 0.32211538461538464
1 0.6502403846153846 0.8305288461538461 0.21875 0.33653846153846156
1 0.8545673076923077 0.9254807692307693 0.2091346153846154 0.14423076923076922
1 0.8701923076923077 0.7524038461538461 0.19471153846153846 0.2548076923076923
1 0.7163461538461539 0.6442307692307693 0.16826923076923078 0.24759615384615385
1 0.46274038461538464 0.6382211538461539 0.15625 0.20432692307692307
1 0.34134615384615385 0.5709134615384616 0.20432692307692307 0.25
1 0.4411057692307692 0.2668269230769231 0.12259615384615384 0.11778846153846154
1 0.7692307692307693 0.0829326923076923 0.04567307692307692 0.05048076923076923
2 0.18629807692307693 0.8509615384615384 0.11298076923076923 0.23076923076923078
2 0.703125 0.4543269230769231 0.0673076923076923 0.1658653846153846
2 0.7307692307692307 0.4675480769230769 0.07692307692307693 0.14423076923076922
2 0.8509615384615384 0.5324519230769231 0.07932692307692307 0.19951923076923078
2 0.8317307692307693 0.47475961538461536 0.052884615384615384 0.17067307692307693
0 0.7403846153846154 0.234375 0.5144230769230769 0.3389423076923077