1 0.8233173076923077 0.7872596153846154 0.24278846153846154 0.31490384615384615
1 0.6490384615384616 0.8485576923076923 0.22596153846153846 0.2932692307692308
1 0.38461538461538464 0.8329326923076923 0.20673076923076922 0.31971153846153844
1 0.14783653846153846 0.9254807692307693 0.24278846153846154 0.14423076923076922
1 0.17067307692307693 0.7487980769230769 0.18509615384615385 0.24519230769230768
1 0.328125 0.6478365384615384 0.15625 0.2403846153846154
1 0.5841346153846154 0.6526442307692307 0.14903846153846154 0.20192307692307693
1 0.7103365384615384 0.5865384615384616 0.19471153846153846 0.23798076923076922
1 0.4266826923076923 0.1814903846153846 0.11778846153846154 0.08173076923076923
1 0.36658653846153844 0.27403846153846156 0.19230769230769232 0.14182692307692307
1 0.23798076923076922 0.2608173076923077 0.10817307692307693 0.10576923076923077
1 0.25841346153846156 0.18269230769230768 0.1201923076923077 0.08173076923076923
1 0.3004807692307692 0.056490384615384616 0.03125 0.06009615384615385
2 0.8473557692307693 0.8737980769230769 0.09615384615384616 0.2091346153846154
2 0.47716346153846156 0.6875 0.08173076923076923 0.24278846153846154
2 0.4411057692307692 0.5829326923076923 0.0673076923076923 0.21153846153846154
2 0.19951923076923078 0.5216346153846154 0.06490384615384616 0.19951923076923078
2 0.22355769230769232 0.46875 0.04807692307692308 0.1658653846153846
0 0.46033653846153844 0.11177884615384616 0.18990384615384615 0.13221153846153846