1 0.2620192307692308 0.8233173076923077 0.25721153846153844 0.3293269230769231
1 0.4543269230769231 0.84375 0.2548076923076923 0.3076923076923077
1 0.7211538461538461 0.7908653846153846 0.2283653846153846 0.34375
1 0.9230769230769231 0.8557692307692307 0.14903846153846154 0.20192307692307693
1 0.9050480769230769 0.6574519230769231 0.18509615384615385 0.2668269230769231
1 0.7379807692307693 0.5877403846153846 0.17067307692307693 0.25961538461538464
1 0.4807692307692308 0.6382211538461539 0.16105769230769232 0.21634615384615385
1 0.34134615384615385 0.5985576923076923 0.2091346153846154 0.25
1 0.5661057692307693 0.21875 0.20432692307692307 0.15625
1 0.5420673076923077 0.12740384615384615 0.12740384615384615 0.08173076923076923
1 0.6911057692307693 0.19230769230769232 0.11778846153846154 0.11778846153846154
1 0.7235576923076923 0.11057692307692307 0.12259615384615384 0.0985576923076923
1 0.6514423076923077 0.006009615384615385 0.038461538461538464 0.01201923076923077
2 0.2608173076923077 0.8990384615384616 0.11778846153846154 0.1971153846153846
2 0.5985576923076923 0.640625 0.09615384615384616 0.25721153846153844
2 0.609375 0.5360576923076923 0.08173076923076923 0.22596153846153846
2 0.8413461538461539 0.4326923076923077 0.07932692307692307 0.20673076923076922
2 0.8088942307692307 0.38341346153846156 0.0673076923076923 0.17307692307692307
0 0.5 0.07932692307692307 0.19951923076923078 0.14423076923076922