1 0.2283653846153846 0.6826923076923077 0.18509615384615385 0.24519230769230768
1 0.3954326923076923 0.7067307692307693 0.1346153846153846 0.3485576923076923
1 0.40865384615384615 0.4879807692307692 0.12980769230769232 0.16346153846153846
1 0.6899038461538461 0.6334134615384616 0.13221153846153846 0.25240384615384615
1 0.6081730769230769 0.45552884615384615 0.10817307692307693 0.13701923076923078
1 0.7307692307692307 0.43149038461538464 0.125 0.15865384615384615
1 0.8713942307692307 0.8798076923076923 0.25240384615384615 0.23076923076923078
1 0.6887019230769231 0.24158653846153846 0.0889423076923077 0.11778846153846154
1 0.6538461538461539 0.12379807692307693 0.07211538461538461 0.0673076923076923
1 0.8990384615384616 0.1622596153846154 0.07451923076923077 0.07451923076923077
2 0.7860576923076923 0.5637019230769231 0.04807692307692308 0.23076923076923078
2 0.9855769230769231 0.8185096153846154 0.02403846153846154 0.27163461538461536
2 0.4254807692307692 0.078125 0.016826923076923076 0.052884615384615384
2 0.3786057692307692 0.07572115384615384 0.009615384615384616 0.06009615384615385
0 0.9747596153846154 0.04927884615384615 0.036057692307692304 0.0889423076923077
3 0.5829326923076923 0.7295673076923077 0.1875 0.4326923076923077