1 0.3125 0.8677884615384616 0.16105769230769232 0.2548076923076923
1 0.45072115384615385 0.8221153846153846 0.15625 0.2620192307692308
1 0.5336538461538461 0.9627403846153846 0.1875 0.06971153846153846
1 0.6899038461538461 0.6887019230769231 0.1346153846153846 0.20192307692307693
1 0.265625 0.4543269230769231 0.08413461538461539 0.0985576923076923
1 0.2800480769230769 0.42788461538461536 0.11538461538461539 0.10096153846153846
1 0.47115384615384615 0.3894230769230769 0.1346153846153846 0.11057692307692307
1 0.5901442307692307 0.2920673076923077 0.08173076923076923 0.06490384615384616
1 0.4951923076923077 0.25600961538461536 0.036057692307692304 0.0625
1 0.4411057692307692 0.2439903846153846 0.04567307692307692 0.06009615384615385
1 0.42788461538461536 0.22115384615384615 0.03365384615384615 0.04807692307692308
1 0.46634615384615385 0.18629807692307693 0.026442307692307692 0.038461538461538464
2 0.052884615384615384 0.9098557692307693 0.0625 0.17548076923076922
2 0.3485576923076923 0.6334134615384616 0.06971153846153846 0.17067307692307693
2 0.6009615384615384 0.5108173076923077 0.05048076923076923 0.11298076923076923
2 0.609375 0.4639423076923077 0.05048076923076923 0.12259615384615384
2 0.6923076923076923 0.4326923076923077 0.08653846153846154 0.10817307692307693
2 0.49158653846153844 0.2764423076923077 0.026442307692307692 0.0625
2 0.3545673076923077 0.42788461538461536 0.07211538461538461 0.10576923076923077
2 0.4362980769230769 0.42908653846153844 0.07692307692307693 0.11538461538461539
3 0.15264423076923078 0.8774038461538461 0.18509615384615385 0.2403846153846154
3 0.7908653846153846 0.8004807692307693 0.18990384615384615 0.36538461538461536