1 0.7788461538461539 0.8028846153846154 0.28125 0.35096153846153844
1 0.5865384615384616 0.8533653846153846 0.2692307692307692 0.28846153846153844
1 0.28966346153846156 0.8521634615384616 0.24759615384615385 0.29086538461538464
1 0.11057692307692307 0.9555288461538461 0.125 0.08413461538461539
1 0.09014423076923077 0.796875 0.14423076923076922 0.27884615384615385
1 0.21995192307692307 0.6742788461538461 0.18990384615384615 0.27403846153846156
1 0.5048076923076923 0.6646634615384616 0.17307692307692307 0.22355769230769232
1 0.6382211538461539 0.5901442307692307 0.22596153846153846 0.27884615384615385
1 0.21995192307692307 0.23197115384615385 0.18028846153846154 0.13701923076923078
1 0.09975961538461539 0.18509615384615385 0.10096153846153846 0.11538461538461539
1 0.07572115384615384 0.12860576923076922 0.11538461538461539 0.09134615384615384
1 0.03125 0.25 0.0625 0.15865384615384615
2 0.8076923076923077 0.8689903846153846 0.11778846153846154 0.1971153846153846
2 0.3641826923076923 0.6418269230769231 0.10096153846153846 0.2620192307692308
2 0.31850961538461536 0.5625 0.08653846153846154 0.23798076923076922
2 0.06850961538461539 0.5456730769230769 0.08653846153846154 0.23317307692307693
2 0.09134615384615384 0.47596153846153844 0.057692307692307696 0.18990384615384615
2 0.16706730769230768 0.13822115384615385 0.06009615384615385 0.0985576923076923
0 0.33533653846153844 0.10697115384615384 0.22115384615384615 0.20432692307692307