1 0.8413461538461539 0.7247596153846154 0.17548076923076922 0.24278846153846154
1 0.65625 0.5829326923076923 0.1201923076923077 0.19230769230769232
1 0.47836538461538464 0.5348557692307693 0.10576923076923077 0.13221153846153846
1 0.6935096153846154 0.7451923076923077 0.12740384615384615 0.3125
1 0.41466346153846156 0.7259615384615384 0.11778846153846154 0.25240384615384615
1 0.24759615384615385 0.9110576923076923 0.27884615384615385 0.17307692307692307
1 0.35697115384615385 0.5300480769230769 0.11057692307692307 0.15865384615384615
1 0.3329326923076923 0.3545673076923077 0.09375 0.11057692307692307
1 0.4375 0.2536057692307692 0.07211538461538461 0.07451923076923077
1 0.10697115384615384 0.30528846153846156 0.09134615384615384 0.07692307692307693
2 0.12740384615384615 0.8798076923076923 0.10096153846153846 0.23557692307692307
2 0.32211538461538464 0.6538461538461539 0.0625 0.20192307692307693
2 0.6298076923076923 0.18389423076923078 0.021634615384615384 0.055288461538461536
2 0.6754807692307693 0.18028846153846154 0.016826923076923076 0.057692307692307696
2 0.05889423076923077 0.3016826923076923 0.038461538461538464 0.07692307692307693
0 0.07572115384615384 0.1935096153846154 0.0673076923076923 0.08413461538461539
3 0.5216346153846154 0.7956730769230769 0.18269230769230768 0.40384615384615385