1 0.31009615384615385 0.8028846153846154 0.18990384615384615 0.27403846153846156
1 0.45552884615384615 0.7908653846153846 0.19471153846153846 0.30528846153846156
1 0.5192307692307693 0.9519230769230769 0.20673076923076922 0.09134615384615384
1 0.7115384615384616 0.6021634615384616 0.15625 0.18990384615384615
1 0.35697115384615385 0.32091346153846156 0.16826923076923078 0.11298076923076923
1 0.5925480769230769 0.3786057692307692 0.1658653846153846 0.12740384615384615
1 0.7980769230769231 0.2776442307692308 0.12259615384615384 0.0889423076923077
1 0.6574519230769231 0.234375 0.0673076923076923 0.08173076923076923
1 0.6045673076923077 0.18629807692307693 0.04567307692307692 0.0625
1 0.6117788461538461 0.13822115384615385 0.03125 0.04326923076923077
1 0.5576923076923077 0.1346153846153846 0.038461538461538464 0.055288461538461536
1 0.6081730769230769 0.08653846153846154 0.021634615384615384 0.036057692307692304
1 0.5685096153846154 0.054086538461538464 0.021634615384615384 0.03125
2 0.030048076923076924 0.8197115384615384 0.06009615384615385 0.2403846153846154
2 0.26802884615384615 0.5769230769230769 0.07692307692307693 0.1875
2 0.39663461538461536 0.5673076923076923 0.08173076923076923 0.1778846153846154
2 0.6778846153846154 0.47115384615384615 0.04567307692307692 0.14423076923076922
2 0.8125 0.5625 0.05048076923076923 0.15384615384615385
2 0.5384615384615384 0.17427884615384615 0.021634615384615384 0.055288461538461536
2 0.5709134615384616 0.17067307692307693 0.02403846153846154 0.057692307692307696
3 0.1310096153846154 0.8040865384615384 0.2091346153846154 0.31971153846153844
3 0.8149038461538461 0.8161057692307693 0.20673076923076922 0.3629807692307692