1 0.7235576923076923 0.7512019230769231 0.17548076923076922 0.28125
1 0.30408653846153844 0.8713942307692307 0.23317307692307693 0.23798076923076922
1 0.11658653846153846 0.8245192307692307 0.18990384615384615 0.2932692307692308
1 0.3329326923076923 0.6766826923076923 0.17307692307692307 0.24519230769230768
1 0.5805288461538461 0.1971153846153846 0.09134615384615384 0.08173076923076923
1 0.45552884615384615 0.3004807692307692 0.14423076923076922 0.125
1 0.9050480769230769 0.17548076923076922 0.08173076923076923 0.07692307692307693
1 0.7307692307692307 0.12259615384615384 0.04807692307692308 0.057692307692307696
1 0.6442307692307693 0.15384615384615385 0.04567307692307692 0.052884615384615384
1 0.6129807692307693 0.1658653846153846 0.0673076923076923 0.0625
1 0.5240384615384616 0.12259615384615384 0.04326923076923077 0.040865384615384616
1 0.5540865384615384 0.15865384615384615 0.057692307692307696 0.04807692307692308
1 0.4495192307692308 0.1778846153846154 0.07932692307692307 0.07932692307692307
1 0.35096153846153844 0.1875 0.06009615384615385 0.07932692307692307
2 0.8641826923076923 0.625 0.08173076923076923 0.20192307692307693
2 0.43149038461538464 0.6899038461538461 0.06009615384615385 0.21153846153846154
2 0.23076923076923078 0.6069711538461539 0.0625 0.1778846153846154
2 0.28365384615384615 0.5264423076923077 0.055288461538461536 0.17067307692307693
2 0.39663461538461536 0.3641826923076923 0.04326923076923077 0.12740384615384615
2 0.46875 0.19471153846153846 0.03365384615384615 0.0673076923076923
3 0.6021634615384616 0.109375 0.04326923076923077 0.052884615384615384
3 0.5180288461538461 0.7752403846153846 0.18028846153846154 0.43028846153846156