1 0.6838942307692307 0.8701923076923077 0.18028846153846154 0.25240384615384615
1 0.5564903846153846 0.8137019230769231 0.18028846153846154 0.2644230769230769
1 0.45552884615384615 0.9507211538461539 0.18990384615384615 0.09375
1 0.3737980769230769 0.578125 0.13221153846153846 0.17067307692307693
1 0.8329326923076923 0.4675480769230769 0.09615384615384616 0.10817307692307693
1 0.8353365384615384 0.4182692307692308 0.09615384615384616 0.09615384615384616
1 0.5733173076923077 0.2283653846153846 0.04326923076923077 0.06009615384615385
1 0.5949519230769231 0.21394230769230768 0.026442307692307692 0.040865384615384616
1 0.5793269230769231 0.15985576923076922 0.02403846153846154 0.038461538461538464
1 0.5817307692307693 0.19230769230769232 0.021634615384615384 0.019230769230769232
1 0.6286057692307693 0.17427884615384615 0.02403846153846154 0.036057692307692304
2 0.9290865384615384 0.9182692307692307 0.055288461538461536 0.15865384615384615
2 0.7776442307692307 0.6754807692307693 0.07451923076923077 0.1778846153846154
2 0.6694711538461539 0.6298076923076923 0.07451923076923077 0.17548076923076922
2 0.4230769230769231 0.4483173076923077 0.06971153846153846 0.1201923076923077
2 0.6382211538461539 0.19591346153846154 0.014423076923076924 0.036057692307692304
2 0.6153846153846154 0.19831730769230768 0.009615384615384616 0.036057692307692304
0 0.4519230769230769 0.35216346153846156 0.35336538461538464 0.2860576923076923
3 0.84375 0.8834134615384616 0.20192307692307693 0.2283653846153846
3 0.2283653846153846 0.7752403846153846 0.20432692307692307 0.38221153846153844