1 0.71875 0.859375 0.25240384615384615 0.27403846153846156
1 0.5204326923076923 0.8930288461538461 0.24759615384615385 0.2091346153846154
1 0.22355769230769232 0.875 0.21153846153846154 0.24519230769230768
1 0.046875 0.8173076923076923 0.08413461538461539 0.2764423076923077
1 0.171875 0.7115384615384616 0.16346153846153846 0.2620192307692308
1 0.46153846153846156 0.7319711538461539 0.15384615384615385 0.22596153846153846
1 0.6069711538461539 0.6670673076923077 0.20673076923076922 0.25961538461538464
1 0.38100961538461536 0.3004807692307692 0.10336538461538461 0.12980769230769232
1 0.17908653846153846 0.08052884615384616 0.05048076923076923 0.055288461538461536
2 0.7415865384615384 0.9387019230769231 0.10576923076923077 0.11298076923076923
2 0.24158653846153846 0.5192307692307693 0.07451923076923077 0.20432692307692307
2 0.17668269230769232 0.5036057692307693 0.07932692307692307 0.15625
2 0.037259615384615384 0.5612980769230769 0.06971153846153846 0.21875
2 0.0625 0.5012019230769231 0.04807692307692308 0.18509615384615385
0 0.17067307692307693 0.23076923076923078 0.34134615384615385 0.33653846153846156