1 0.23798076923076922 0.7836538461538461 0.22115384615384615 0.2956730769230769
1 0.4074519230769231 0.8521634615384616 0.22355769230769232 0.29086538461538464
1 0.6682692307692307 0.8209134615384616 0.18990384615384615 0.3076923076923077
1 0.8870192307692307 0.9146634615384616 0.20673076923076922 0.1658653846153846
1 0.8737980769230769 0.7247596153846154 0.17307692307692307 0.23317307692307693
1 0.7151442307692307 0.6370192307692307 0.14182692307692307 0.23798076923076922
1 0.4651442307692308 0.6646634615384616 0.13701923076923078 0.23557692307692307
1 0.34375 0.5913461538461539 0.1778846153846154 0.2283653846153846
1 0.8257211538461539 0.2704326923076923 0.19230769230769232 0.13942307692307693
1 0.9567307692307693 0.25240384615384615 0.08173076923076923 0.11057692307692307
1 0.7415865384615384 0.18389423076923078 0.12980769230769232 0.08653846153846154
1 0.7259615384615384 0.0673076923076923 0.03365384615384615 0.055288461538461536
2 0.22115384615384615 0.8798076923076923 0.09375 0.22115384615384615
2 0.5709134615384616 0.6899038461538461 0.06009615384615385 0.23557692307692307
2 0.6009615384615384 0.5913461538461539 0.057692307692307696 0.20673076923076922
2 0.8365384615384616 0.5096153846153846 0.057692307692307696 0.19471153846153846
2 0.8100961538461539 0.4567307692307692 0.04326923076923077 0.16105769230769232
2 0.6766826923076923 0.22716346153846154 0.05048076923076923 0.09134615384615384
0 0.5721153846153846 0.11778846153846154 0.1778846153846154 0.11057692307692307