1 0.7620192307692307 0.8112980769230769 0.22115384615384615 0.29086538461538464
1 0.5805288461538461 0.8605769230769231 0.21634615384615385 0.2764423076923077
1 0.65625 0.6177884615384616 0.18509615384615385 0.23076923076923078
1 0.5300480769230769 0.6706730769230769 0.13221153846153846 0.19230769230769232
1 0.328125 0.8449519230769231 0.18990384615384615 0.30528846153846156
1 0.10576923076923077 0.9242788461538461 0.20192307692307693 0.1466346153846154
1 0.12379807692307693 0.7463942307692307 0.17067307692307693 0.25
1 0.2800480769230769 0.65625 0.14182692307692307 0.23557692307692307
1 0.13701923076923078 0.25961538461538464 0.14423076923076922 0.11057692307692307
1 0.22355769230769232 0.2091346153846154 0.0889423076923077 0.09615384615384616
1 0.15144230769230768 0.16826923076923078 0.10336538461538461 0.09134615384615384
1 0.6057692307692307 0.2980769230769231 0.08173076923076923 0.12259615384615384
1 0.2824519230769231 0.052884615384615384 0.026442307692307692 0.040865384615384616
2 0.7776442307692307 0.8954326923076923 0.0889423076923077 0.1971153846153846
2 0.41346153846153844 0.6502403846153846 0.06490384615384616 0.2283653846153846
2 0.3942307692307692 0.5600961538461539 0.055288461538461536 0.1778846153846154
2 0.16346153846153846 0.5216346153846154 0.0625 0.19471153846153846
2 0.1814903846153846 0.46875 0.04807692307692308 0.16346153846153846
2 0.3329326923076923 0.2403846153846154 0.057692307692307696 0.09615384615384616
2 0.29086538461538464 0.1778846153846154 0.040865384615384616 0.08653846153846154
0 0.43990384615384615 0.14543269230769232 0.18990384615384615 0.13701923076923078