1 0.65625 0.8810096153846154 0.1466346153846154 0.23076923076923078
1 0.5336538461538461 0.8389423076923077 0.1466346153846154 0.24519230769230768
1 0.4543269230769231 0.9711538461538461 0.17307692307692307 0.052884615384615384
1 0.3389423076923077 0.6418269230769231 0.10576923076923077 0.16826923076923078
1 0.640625 0.47596153846153844 0.1201923076923077 0.10096153846153846
1 0.6105769230769231 0.4375 0.10096153846153846 0.10336538461538461
1 0.48677884615384615 0.30408653846153844 0.040865384615384616 0.06009615384615385
1 0.5024038461538461 0.28966346153846156 0.028846153846153848 0.04567307692307692
1 0.5360576923076923 0.23918269230769232 0.019230769230769232 0.03365384615384615
1 0.4879807692307692 0.23317307692307693 0.016826923076923076 0.028846153846153848
1 0.49399038461538464 0.25961538461538464 0.019230769230769232 0.028846153846153848
2 0.9086538461538461 0.9110576923076923 0.04807692307692308 0.17307692307692307
2 0.7247596153846154 0.6862980769230769 0.057692307692307696 0.13942307692307693
2 0.6117788461538461 0.6574519230769231 0.0625 0.15865384615384615
2 0.3713942307692308 0.515625 0.06009615384615385 0.11057692307692307
2 0.5540865384615384 0.26322115384615385 0.007211538461538462 0.040865384615384616
2 0.5276442307692307 0.2620192307692308 0.016826923076923076 0.038461538461538464
0 0.2860576923076923 0.4206730769230769 0.28846153846153844 0.23317307692307693
3 0.8112980769230769 0.8882211538461539 0.17067307692307693 0.21875
3 0.22115384615384615 0.8245192307692307 0.1658653846153846 0.33413461538461536