1 0.32091346153846156 0.7199519230769231 0.1658653846153846 0.28365384615384615
1 0.7259615384615384 0.8569711538461539 0.23076923076923078 0.2668269230769231
1 0.7055288461538461 0.6394230769230769 0.17307692307692307 0.22115384615384615
1 0.9050480769230769 0.796875 0.18509615384615385 0.29086538461538464
1 0.1778846153846154 0.29447115384615385 0.14423076923076922 0.13221153846153846
1 0.1502403846153846 0.14903846153846154 0.08413461538461539 0.0673076923076923
1 0.32211538461538464 0.10216346153846154 0.04326923076923077 0.057692307692307696
1 0.36658653846153844 0.12259615384615384 0.0625 0.0625
1 0.4807692307692308 0.16105769230769232 0.07932692307692307 0.07211538461538461
1 0.5877403846153846 0.15865384615384615 0.07932692307692307 0.06971153846153846
1 0.6875 0.18629807692307693 0.07692307692307693 0.07932692307692307
1 0.5264423076923077 0.10336538461538461 0.036057692307692304 0.040865384615384616
2 0.18990384615384615 0.5889423076923077 0.08653846153846154 0.20432692307692307
2 0.6045673076923077 0.6574519230769231 0.055288461538461536 0.21875
2 0.6177884615384616 0.3870192307692308 0.04326923076923077 0.1466346153846154
2 0.796875 0.5913461538461539 0.06009615384615385 0.19471153846153846
2 0.5396634615384616 0.1622596153846154 0.03365384615384615 0.07211538461538461
2 0.6298076923076923 0.16826923076923078 0.04326923076923077 0.06971153846153846
3 0.43149038461538464 0.12379807692307693 0.05048076923076923 0.10096153846153846
3 0.5168269230769231 0.7283653846153846 0.17548076923076922 0.40865384615384615