1 0.1971153846153846 0.8245192307692307 0.1875 0.2764423076923077
1 0.34975961538461536 0.7920673076923077 0.18269230769230768 0.3004807692307692
1 0.43028846153846156 0.9615384615384616 0.22115384615384615 0.07211538461538461
1 0.6057692307692307 0.5721153846153846 0.13701923076923078 0.18028846153846154
1 0.7007211538461539 0.36538461538461536 0.16105769230769232 0.1201923076923077
1 0.7992788461538461 0.32572115384615385 0.125 0.10096153846153846
1 0.5108173076923077 0.19471153846153846 0.07211538461538461 0.08653846153846154
1 0.46634615384615385 0.16105769230769232 0.04567307692307692 0.0625
1 0.4230769230769231 0.09254807692307693 0.02403846153846154 0.05048076923076923
1 0.47716346153846156 0.08533653846153846 0.03365384615384615 0.04326923076923077
2 0.1346153846153846 0.5853365384615384 0.07692307692307693 0.18509615384615385
2 0.27163461538461536 0.5612980769230769 0.0889423076923077 0.20432692307692307
2 0.5877403846153846 0.4170673076923077 0.0673076923076923 0.13221153846153846
2 0.7079326923076923 0.5432692307692307 0.05048076923076923 0.15865384615384615
2 0.39302884615384615 0.11658653846153846 0.021634615384615384 0.052884615384615384
2 0.4338942307692308 0.11658653846153846 0.014423076923076924 0.05048076923076923
3 0.056490384615384616 0.8293269230769231 0.11298076923076923 0.28365384615384615
3 0.7319711538461539 0.8112980769230769 0.20432692307692307 0.37259615384615385