1 0.2283653846153846 0.7848557692307693 0.21394230769230768 0.2932692307692308
1 0.40024038461538464 0.8521634615384616 0.21394230769230768 0.29086538461538464
1 0.6466346153846154 0.8149038461538461 0.1875 0.30288461538461536
1 0.8725961538461539 0.9146634615384616 0.23076923076923078 0.1658653846153846
1 0.8485576923076923 0.7271634615384616 0.16826923076923078 0.22355769230769232
1 0.6923076923076923 0.6394230769230769 0.13701923076923078 0.22355769230769232
1 0.453125 0.6550480769230769 0.13221153846153846 0.19230769230769232
1 0.3317307692307692 0.5949519230769231 0.18028846153846154 0.21875
2 0.21394230769230768 0.8834134615384616 0.09375 0.21394230769230768
2 0.6286057692307693 0.4855769230769231 0.06971153846153846 0.16105769230769232
2 0.6923076923076923 0.46634615384615385 0.06490384615384616 0.12980769230769232
2 0.8137019230769231 0.515625 0.055288461538461536 0.1875
2 0.7884615384615384 0.4639423076923077 0.04807692307692308 0.15625
1 0.6995192307692307 0.11298076923076923 0.038461538461538464 0.04807692307692308
1 0.5697115384615384 0.2932692307692308 0.07211538461538461 0.09615384615384616
0 0.5504807692307693 0.14302884615384615 0.17307692307692307 0.11057692307692307
0 0.7980769230769231 0.24278846153846154 0.39903846153846156 0.2932692307692308