1 0.859375 0.8485576923076923 0.24759615384615385 0.2980769230769231
1 0.6586538461538461 0.6177884615384616 0.13701923076923078 0.22596153846153846
1 0.640625 0.8209134615384616 0.17548076923076922 0.35336538461538464
1 0.40024038461538464 0.5576923076923077 0.14903846153846154 0.16346153846153846
1 0.3269230769230769 0.7055288461538461 0.16346153846153846 0.28125
1 0.3161057692307692 0.49759615384615385 0.12980769230769232 0.18509615384615385
1 0.49759615384615385 0.31971153846153844 0.09134615384615384 0.12980769230769232
1 0.3269230769230769 0.2127403846153846 0.07932692307692307 0.07692307692307693
1 0.17307692307692307 0.2536057692307692 0.09134615384615384 0.09615384615384616
1 0.3076923076923077 0.12860576923076922 0.0673076923076923 0.057692307692307696
2 0.22956730769230768 0.6153846153846154 0.055288461538461536 0.2283653846153846
2 0.6141826923076923 0.14423076923076922 0.019230769230769232 0.057692307692307696
2 0.33413461538461536 0.23197115384615385 0.03365384615384615 0.08653846153846154
0 0.16105769230769232 0.15504807692307693 0.21153846153846154 0.16105769230769232
3 0.41947115384615385 0.8125 0.21875 0.3701923076923077