1 0.13581730769230768 0.8269230769230769 0.23317307692307693 0.34134615384615385
1 0.31850961538461536 0.8449519230769231 0.2956730769230769 0.30528846153846156
1 0.6274038461538461 0.8040865384615384 0.27163461538461536 0.38461538461538464
1 0.8846153846153846 0.8605769230769231 0.22596153846153846 0.20192307692307693
1 0.8545673076923077 0.6466346153846154 0.23317307692307693 0.31009615384615385
1 0.6442307692307693 0.5649038461538461 0.20192307692307693 0.2932692307692308
1 0.3485576923076923 0.6394230769230769 0.1875 0.25721153846153844
1 0.18028846153846154 0.5901442307692307 0.25 0.29086538461538464
2 0.10336538461538461 0.9158653846153846 0.1201923076923077 0.16346153846153846
2 0.5997596153846154 0.33533653846153844 0.11298076923076923 0.19471153846153846
2 0.7235576923076923 0.328125 0.0673076923076923 0.20192307692307693
2 0.7596153846153846 0.3870192307692308 0.09615384615384616 0.24278846153846154
0 0.5084134615384616 0.1466346153846154 0.6129807692307693 0.2932692307692308