1 0.8954326923076923 0.8233173076923077 0.20673076923076922 0.3485576923076923
1 0.7055288461538461 0.8557692307692307 0.25240384615384615 0.28365384615384615
1 0.3894230769230769 0.8365384615384616 0.22355769230769232 0.32211538461538464
1 0.12379807692307693 0.9326923076923077 0.24519230769230768 0.12980769230769232
1 0.14302884615384615 0.7295673076923077 0.19471153846153846 0.28365384615384615
1 0.3401442307692308 0.6189903846153846 0.1658653846153846 0.27163461538461536
1 0.6430288461538461 0.6526442307692307 0.15384615384615385 0.23798076923076922
1 0.8028846153846154 0.5805288461538461 0.21634615384615385 0.2644230769230769
2 0.9399038461538461 0.90625 0.11057692307692307 0.18269230769230768
2 0.35216346153846156 0.3870192307692308 0.0889423076923077 0.18269230769230768
2 0.2283653846153846 0.39663461538461536 0.040865384615384616 0.1971153846153846
2 0.20072115384615385 0.46033653846153844 0.06490384615384616 0.23557692307692307
0 0.41225961538461536 0.1466346153846154 0.5817307692307693 0.2932692307692308