1 0.5492788461538461 0.7043269230769231 0.14423076923076922 0.27163461538461536
1 0.5108173076923077 0.8930288461538461 0.17307692307692307 0.21153846153846154
1 0.8004807692307693 0.8557692307692307 0.21634615384615385 0.28365384615384615
1 0.7451923076923077 0.6201923076923077 0.1346153846153846 0.22596153846153846
1 0.6370192307692307 0.4735576923076923 0.10817307692307693 0.1658653846153846
1 0.03125 0.20793269230769232 0.0625 0.09615384615384616
1 0.28125 0.23317307692307693 0.12259615384615384 0.09615384615384616
1 0.09014423076923077 0.14783653846153846 0.04807692307692308 0.0625
1 0.4495192307692308 0.055288461538461536 0.019230769230769232 0.036057692307692304
2 0.20072115384615385 0.6766826923076923 0.055288461538461536 0.23557692307692307
2 0.41225961538461536 0.4543269230769231 0.04807692307692308 0.16826923076923078
2 0.7548076923076923 0.35697115384615385 0.055288461538461536 0.14423076923076922
2 0.8064903846153846 0.38341346153846156 0.038461538461538464 0.1201923076923077