1 0.6790865384615384 0.8834134615384616 0.2956730769230769 0.2283653846153846
1 0.45913461538461536 0.9086538461538461 0.27403846153846156 0.1778846153846154
1 0.14543269230769232 0.8509615384615384 0.25 0.23557692307692307
1 0.11177884615384616 0.6947115384615384 0.19951923076923078 0.30288461538461536
1 0.4170673076923077 0.7596153846153846 0.19471153846153846 0.2620192307692308
1 0.5817307692307693 0.7079326923076923 0.25 0.2980769230769231
1 0.33653846153846156 0.15144230769230768 0.13221153846153846 0.09615384615384616
1 0.21153846153846154 0.039663461538461536 0.0673076923076923 0.07932692307692307
1 0.22235576923076922 0.2620192307692308 0.10096153846153846 0.1346153846153846
1 0.5877403846153846 0.2956730769230769 0.10576923076923077 0.16346153846153846
2 0.6935096153846154 0.9747596153846154 0.11778846153846154 0.04567307692307692
2 0.25240384615384615 0.5324519230769231 0.0985576923076923 0.2283653846153846
2 0.15625 0.4831730769230769 0.10096153846153846 0.1778846153846154
2 0.015625 0.5168269230769231 0.03125 0.2403846153846154
2 0.03365384615384615 0.45913461538461536 0.0673076923076923 0.21634615384615385
0 0.3918269230769231 0.0889423076923077 0.23798076923076922 0.15865384615384615
0 0.11538461538461539 0.19471153846153846 0.19951923076923078 0.36538461538461536