1 0.7776442307692307 0.7980769230769231 0.22355769230769232 0.3004807692307692
1 0.5985576923076923 0.8497596153846154 0.21634615384615385 0.2956730769230769
1 0.33774038461538464 0.8125 0.1875 0.31971153846153844
1 0.10817307692307693 0.9026442307692307 0.21634615384615385 0.18509615384615385
1 0.13341346153846154 0.7043269230769231 0.17307692307692307 0.2403846153846154
1 0.29927884615384615 0.6165865384615384 0.14423076923076922 0.23557692307692307
1 0.5528846153846154 0.6466346153846154 0.13701923076923078 0.19230769230769232
1 0.6826923076923077 0.5973557692307693 0.18269230769230768 0.23317307692307693
1 0.6237980769230769 0.28125 0.11298076923076923 0.10817307692307693
1 0.3245192307692308 0.052884615384615384 0.040865384615384616 0.04807692307692308
2 0.7944711538461539 0.8894230769230769 0.09375 0.21634615384615385
2 0.3389423076923077 0.43149038461538464 0.052884615384615384 0.16105769230769232
2 0.31009615384615385 0.43990384615384615 0.0625 0.13701923076923078
2 0.18269230769230768 0.48677884615384615 0.057692307692307696 0.19471153846153846
2 0.21033653846153846 0.43509615384615385 0.036057692307692304 0.16826923076923078
0 0.32572115384615385 0.20793269230769232 0.49759615384615385 0.2860576923076923