1 0.3137019230769231 0.8677884615384616 0.2764423076923077 0.25961538461538464
1 0.5132211538461539 0.8882211538461539 0.25721153846153844 0.21875
1 0.7956730769230769 0.8353365384615384 0.23317307692307693 0.28125
1 0.9519230769230769 0.7439903846153846 0.09134615384615384 0.2764423076923077
1 0.8185096153846154 0.6622596153846154 0.18509615384615385 0.27403846153846156
1 0.5456730769230769 0.7235576923076923 0.17307692307692307 0.22596153846153846
1 0.39783653846153844 0.6838942307692307 0.22596153846153846 0.2764423076923077
1 0.42427884615384615 0.3317307692307692 0.13701923076923078 0.12980769230769232
1 0.7259615384615384 0.046875 0.04807692307692308 0.057692307692307696
2 0.3016826923076923 0.9471153846153846 0.11298076923076923 0.10096153846153846
2 0.7560096153846154 0.46274038461538464 0.07451923076923077 0.18269230769230768
2 0.7884615384615384 0.4699519230769231 0.08653846153846154 0.15865384615384615
2 0.9326923076923077 0.5060096153846154 0.08653846153846154 0.21875
2 0.8978365384615384 0.45072115384615385 0.057692307692307696 0.1875
0 0.71875 0.21995192307692307 0.5288461538461539 0.36538461538461536