1 0.25240384615384615 0.8834134615384616 0.27884615384615385 0.2283653846153846
1 0.4651442307692308 0.9098557692307693 0.27163461538461536 0.17548076923076922
1 0.7800480769230769 0.8689903846153846 0.2403846153846154 0.23317307692307693
1 0.9555288461538461 0.8100961538461539 0.08413461538461539 0.2980769230769231
1 0.8185096153846154 0.7067307692307693 0.18509615384615385 0.2860576923076923
1 0.5144230769230769 0.7560096153846154 0.17307692307692307 0.24278846153846154
1 0.3581730769230769 0.7043269230769231 0.23076923076923078 0.28846153846153844
1 0.40384615384615385 0.32211538461538464 0.13701923076923078 0.13221153846153846
1 0.7524038461538461 0.027644230769230768 0.04567307692307692 0.05048076923076923
2 0.23076923076923078 0.9663461538461539 0.11538461538461539 0.0625
2 0.7620192307692307 0.4831730769230769 0.07451923076923077 0.19951923076923078
2 0.7932692307692307 0.4891826923076923 0.09134615384615384 0.1658653846153846
2 0.9110576923076923 0.47596153846153844 0.055288461538461536 0.20192307692307693
2 0.9519230769230769 0.5408653846153846 0.0889423076923077 0.23317307692307693
0 0.7211538461538461 0.22355769230769232 0.5384615384615384 0.38221153846153844