1 0.16826923076923078 0.84375 0.15625 0.2980769230769231
1 0.38100961538461536 0.8834134615384616 0.18509615384615385 0.22596153846153846
1 0.5240384615384616 0.5961538461538461 0.14423076923076922 0.2091346153846154
1 0.5048076923076923 0.33413461538461536 0.1466346153846154 0.12259615384615384
1 0.23076923076923078 0.10697115384615384 0.038461538461538464 0.057692307692307696
1 0.6105769230769231 0.18509615384615385 0.0673076923076923 0.08653846153846154
2 0.037259615384615384 0.8173076923076923 0.0673076923076923 0.2692307692307692
2 0.10817307692307693 0.6177884615384616 0.06971153846153846 0.18990384615384615
2 0.3858173076923077 0.53125 0.05048076923076923 0.1875
2 0.4098557692307692 0.6766826923076923 0.04326923076923077 0.18028846153846154
2 0.5600961538461539 0.8233173076923077 0.07211538461538461 0.2668269230769231
3 0.08173076923076923 0.3088942307692308 0.15865384615384615 0.20673076923076922
3 0.921875 0.10817307692307693 0.06009615384615385 0.1201923076923077