1 0.109375 0.7247596153846154 0.21875 0.37259615384615385
1 0.25600961538461536 0.8088942307692307 0.2860576923076923 0.3389423076923077
1 0.5552884615384616 0.8197115384615384 0.2692307692307692 0.3557692307692308
1 0.7980769230769231 0.9302884615384616 0.27403846153846156 0.1346153846153846
1 0.8028846153846154 0.7596153846153846 0.23076923076923078 0.2932692307692308
1 0.6394230769230769 0.6225961538461539 0.19951923076923078 0.2860576923076923
1 0.35336538461538464 0.5997596153846154 0.18509615384615385 0.23798076923076922
1 0.21995192307692307 0.5180288461538461 0.24278846153846154 0.2932692307692308
1 0.7608173076923077 0.21754807692307693 0.23557692307692307 0.18509615384615385
1 0.7524038461538461 0.11177884615384616 0.15625 0.11298076923076923
1 0.9242788461538461 0.22355769230769232 0.1466346153846154 0.13942307692307693
2 0.04927884615384615 0.8125 0.0985576923076923 0.23557692307692307
2 0.4675480769230769 0.6586538461538461 0.11057692307692307 0.28125
2 0.5180288461538461 0.5516826923076923 0.10336538461538461 0.2403846153846154
2 0.7992788461538461 0.5 0.0889423076923077 0.23076923076923078
2 0.7776442307692307 0.4326923076923077 0.07451923076923077 0.1875
2 0.6586538461538461 0.14423076923076922 0.08173076923076923 0.11778846153846154
0 0.5504807692307693 0.04807692307692308 0.21634615384615385 0.09615384615384616
1 0.5829326923076923 0.0889423076923077 0.13701923076923078 0.10096153846153846