1 0.27524038461538464 0.8173076923076923 0.17067307692307693 0.23317307692307693
1 0.40625 0.8064903846153846 0.17307692307692307 0.2548076923076923
1 0.453125 0.953125 0.18028846153846154 0.0889423076923077
1 0.6310096153846154 0.6478365384615384 0.125 0.16826923076923078
1 0.765625 0.48197115384615385 0.16105769230769232 0.11538461538461539
1 0.7115384615384616 0.4362980769230769 0.11538461538461539 0.12259615384615384
1 0.5528846153846154 0.2644230769230769 0.040865384615384616 0.0625
1 0.5348557692307693 0.2512019230769231 0.02403846153846154 0.03365384615384615
1 0.515625 0.2091346153846154 0.019230769230769232 0.03125
1 0.5612980769230769 0.20673076923076922 0.019230769230769232 0.028846153846153848
2 0.03125 0.8221153846153846 0.0625 0.21634615384615385
2 0.23798076923076922 0.6117788461538461 0.057692307692307696 0.1466346153846154
2 0.3605769230769231 0.6141826923076923 0.07932692307692307 0.16346153846153846
2 0.6262019230769231 0.5120192307692307 0.07211538461538461 0.11298076923076923
2 0.5096153846153846 0.2247596153846154 0.014423076923076924 0.03365384615384615
2 0.5216346153846154 0.22596153846153846 0.016826923076923076 0.028846153846153848
0 0.5192307692307693 0.4026442307692308 0.3245192307692308 0.27403846153846156
3 0.11778846153846154 0.8173076923076923 0.1875 0.2692307692307692
3 0.7115384615384616 0.8413461538461539 0.20673076923076922 0.3125