1 0.7403846153846154 0.8173076923076923 0.22115384615384615 0.3605769230769231
1 0.5504807692307693 0.7872596153846154 0.2091346153846154 0.34615384615384615
1 0.4579326923076923 0.5024038461538461 0.16826923076923078 0.21634615384615385
1 0.6358173076923077 0.09254807692307693 0.0673076923076923 0.07211538461538461
1 0.7079326923076923 0.0829326923076923 0.06490384615384616 0.07692307692307693
2 0.796875 0.5024038461538461 0.07211538461538461 0.18028846153846154
2 0.7163461538461539 0.4987980769230769 0.06971153846153846 0.19471153846153846
2 0.6526442307692307 0.4675480769230769 0.08173076923076923 0.1875
2 0.5949519230769231 0.46033653846153844 0.07932692307692307 0.18269230769230768
3 0.15384615384615385 0.010817307692307692 0.07211538461538461 0.021634615384615384
3 0.2127403846153846 0.12259615384615384 0.27163461538461536 0.24519230769230768