1 0.17307692307692307 0.9158653846153846 0.2548076923076923 0.16346153846153846
1 0.3870192307692308 0.6935096153846154 0.21153846153846154 0.3125
1 0.4483173076923077 0.8617788461538461 0.23317307692307693 0.27163461538461536
1 0.8209134615384616 0.7043269230769231 0.23557692307692307 0.34615384615384615
1 0.7331730769230769 0.5372596153846154 0.21634615384615385 0.23317307692307693
1 0.7884615384615384 0.4423076923076923 0.17548076923076922 0.24519230769230768
1 0.4891826923076923 0.2860576923076923 0.12740384615384615 0.16346153846153846
1 0.7764423076923077 0.20432692307692307 0.11778846153846154 0.15144230769230768
1 0.640625 0.12860576923076922 0.0985576923076923 0.10096153846153846
2 0.609375 0.17548076923076922 0.04807692307692308 0.10576923076923077
2 0.41586538461538464 0.06850961538461539 0.03365384615384615 0.07932692307692307
2 0.359375 0.04567307692307692 0.028846153846153848 0.0625
0 0.8209134615384616 0.08052884615384616 0.23798076923076922 0.16105769230769232
3 0.7632211538461539 0.84375 0.30288461538461536 0.2764423076923077