1 0.2127403846153846 0.8557692307692307 0.1778846153846154 0.22355769230769232
1 0.3485576923076923 0.8533653846153846 0.1778846153846154 0.25721153846153844
1 0.5865384615384616 0.6911057692307693 0.1346153846153846 0.1875
1 0.45072115384615385 0.47596153846153844 0.1466346153846154 0.12259615384615384
1 0.5096153846153846 0.453125 0.10817307692307693 0.11778846153846154
1 0.5072115384615384 0.3233173076923077 0.052884615384615384 0.07451923076923077
1 0.5012019230769231 0.27283653846153844 0.036057692307692304 0.04567307692307692
1 0.4651442307692308 0.24278846153846154 0.028846153846153848 0.04567307692307692
1 0.5132211538461539 0.24158653846153846 0.019230769230769232 0.03125
2 0.18028846153846154 0.6526442307692307 0.07692307692307693 0.17067307692307693
2 0.29927884615384615 0.6514423076923077 0.08413461538461539 0.18028846153846154
2 0.5805288461538461 0.5564903846153846 0.0673076923076923 0.125
2 0.4387019230769231 0.2620192307692308 0.016826923076923076 0.04567307692307692
2 0.4699519230769231 0.2668269230769231 0.014423076923076924 0.036057692307692304
0 0.7403846153846154 0.484375 0.21875 0.2620192307692308
3 0.07572115384615384 0.8377403846153846 0.15144230769230768 0.21875
3 0.6742788461538461 0.8617788461538461 0.20432692307692307 0.27163461538461536