1 0.7860576923076923 0.6814903846153846 0.1875 0.2860576923076923
1 0.40865384615384615 0.8834134615384616 0.24519230769230768 0.2283653846153846
1 0.21514423076923078 0.8677884615384616 0.20432692307692307 0.25961538461538464
1 0.390625 0.6971153846153846 0.18269230769230768 0.25
1 0.5240384615384616 0.17668269230769232 0.09375 0.08653846153846154
1 0.4254807692307692 0.30408653846153844 0.14903846153846154 0.13221153846153846
1 0.8317307692307693 0.08173076923076923 0.08413461538461539 0.07932692307692307
1 0.6514423076923077 0.06971153846153846 0.05048076923076923 0.06009615384615385
1 0.5757211538461539 0.1201923076923077 0.04807692307692308 0.055288461538461536
1 0.546875 0.13942307692307693 0.06971153846153846 0.06490384615384616
1 0.453125 0.1141826923076923 0.04326923076923077 0.04326923076923077
1 0.4891826923076923 0.14302884615384615 0.06009615384615385 0.05048076923076923
1 0.39302884615384615 0.18629807692307693 0.08413461538461539 0.08173076923076923
1 0.3004807692307692 0.21754807692307693 0.0625 0.08173076923076923
2 0.8930288461538461 0.5276442307692307 0.09134615384615384 0.20192307692307693
2 0.49038461538461536 0.6875 0.0673076923076923 0.21153846153846154
2 0.2776442307692308 0.6514423076923077 0.07211538461538461 0.1778846153846154
2 0.31009615384615385 0.5625 0.0625 0.17067307692307693
2 0.09014423076923077 0.9615384615384616 0.06490384615384616 0.07211538461538461
2 0.38221153846153844 0.3798076923076923 0.05048076923076923 0.12740384615384615
2 0.41346153846153844 0.19951923076923078 0.038461538461538464 0.0673076923076923
3 0.5240384615384616 0.08653846153846154 0.04326923076923077 0.052884615384615384
3 0.59375 0.75 0.19951923076923078 0.4326923076923077