1 0.35336538461538464 0.796875 0.15144230769230768 0.3269230769230769
1 0.5528846153846154 0.890625 0.18269230769230768 0.21394230769230768
1 0.6153846153846154 0.5372596153846154 0.12740384615384615 0.17067307692307693
1 0.38100961538461536 0.17668269230769232 0.055288461538461536 0.06009615384615385
1 0.9290865384615384 0.31971153846153844 0.12259615384615384 0.11538461538461539
1 0.8533653846153846 0.13822115384615385 0.036057692307692304 0.04567307692307692
2 0.6514423076923077 0.8125 0.0889423076923077 0.24759615384615385
2 0.21394230769230768 0.7211538461538461 0.06971153846153846 0.20432692307692307
2 0.5012019230769231 0.49399038461538464 0.055288461538461536 0.14182692307692307
2 0.8341346153846154 0.890625 0.10096153846153846 0.17548076923076922
2 0.4206730769230769 0.3425480769230769 0.0625 0.10336538461538461
2 0.3173076923076923 0.14182692307692307 0.01201923076923077 0.03365384615384615
2 0.3473557692307692 0.1502403846153846 0.016826923076923076 0.040865384615384616
2 0.4375 0.1622596153846154 0.021634615384615384 0.05048076923076923
2 0.7067307692307693 0.203125 0.036057692307692304 0.06490384615384616
3 0.703125 0.3317307692307692 0.20192307692307693 0.1778846153846154
3 0.9014423076923077 0.11298076923076923 0.055288461538461536 0.10336538461538461
3 0.8064903846153846 0.23557692307692307 0.12980769230769232 0.11538461538461539