1 0.6790865384615384 0.8569711538461539 0.13942307692307693 0.21634615384615385
1 0.5492788461538461 0.8257211538461539 0.14182692307692307 0.23798076923076922
1 0.47716346153846156 0.9627403846153846 0.17307692307692307 0.07211538461538461
1 0.328125 0.7115384615384616 0.11538461538461539 0.16346153846153846
1 0.7283653846153846 0.44711538461538464 0.0985576923076923 0.07932692307692307
1 0.546875 0.42788461538461536 0.1201923076923077 0.08653846153846154
1 0.4014423076923077 0.34615384615384615 0.0673076923076923 0.06490384615384616
1 0.2932692307692308 0.46033653846153844 0.14903846153846154 0.10096153846153846
1 0.5228365384615384 0.28846153846153844 0.03365384615384615 0.052884615384615384
1 0.4723557692307692 0.2980769230769231 0.03365384615384615 0.057692307692307696
1 0.5336538461538461 0.2620192307692308 0.028846153846153848 0.04326923076923077
1 0.4951923076923077 0.234375 0.021634615384615384 0.028846153846153848
1 0.5288461538461539 0.20192307692307693 0.014423076923076924 0.028846153846153848
2 0.9266826923076923 0.8954326923076923 0.04326923076923077 0.20673076923076922
2 0.6274038461538461 0.6382211538461539 0.0625 0.15865384615384615
2 0.7391826923076923 0.6682692307692307 0.052884615384615384 0.1466346153846154
2 0.5793269230769231 0.46153846153846156 0.0625 0.10096153846153846
2 0.6550480769230769 0.4567307692307692 0.0625 0.0985576923076923
2 0.390625 0.5336538461538461 0.03365384615384615 0.1201923076923077
2 0.38100961538461536 0.5036057692307693 0.04326923076923077 0.11057692307692307
2 0.48197115384615385 0.3245192307692308 0.016826923076923076 0.055288461538461536
3 0.8305288461538461 0.8786057692307693 0.15384615384615385 0.2403846153846154
3 0.23918269230769232 0.8233173076923077 0.15384615384615385 0.3317307692307692