1 0.7560096153846154 0.828125 0.1778846153846154 0.24519230769230768
1 0.6237980769230769 0.8161057692307693 0.17548076923076922 0.2620192307692308
1 0.5769230769230769 0.9591346153846154 0.1778846153846154 0.07692307692307693
1 0.5889423076923077 0.4182692307692308 0.13221153846153846 0.11057692307692307
1 0.7716346153846154 0.4014423076923077 0.09615384615384616 0.10576923076923077
1 0.3473557692307692 0.49038461538461536 0.15144230769230768 0.11298076923076923
1 0.20793269230769232 0.5 0.10576923076923077 0.09375
1 0.5060096153846154 0.28125 0.036057692307692304 0.05048076923076923
1 0.4579326923076923 0.30528846153846156 0.038461538461538464 0.055288461538461536
1 0.4050480769230769 0.3581730769230769 0.06971153846153846 0.07692307692307693
1 0.5072115384615384 0.2548076923076923 0.03365384615384615 0.05048076923076923
1 0.46634615384615385 0.234375 0.021634615384615384 0.03365384615384615
1 0.38341346153846156 0.7415865384615384 0.13701923076923078 0.19230769230769232
2 0.984375 0.8185096153846154 0.026442307692307692 0.19951923076923078
2 0.6730769230769231 0.6177884615384616 0.08413461538461539 0.17307692307692307
2 0.7836538461538461 0.6262019230769231 0.07692307692307693 0.15625
2 0.39903846153846156 0.5024038461538461 0.08413461538461539 0.11778846153846154
2 0.7067307692307693 0.421875 0.08413461538461539 0.10576923076923077
2 0.6382211538461539 0.4423076923076923 0.08173076923076923 0.11057692307692307
2 0.4182692307692308 0.5661057692307693 0.057692307692307696 0.10817307692307693
2 0.47115384615384615 0.3233173076923077 0.028846153846153848 0.06009615384615385
3 0.9026442307692307 0.8125 0.18990384615384615 0.2644230769230769
3 0.3161057692307692 0.8485576923076923 0.21394230769230768 0.2980769230769231