1 0.44591346153846156 0.44471153846153844 0.13701923076923078 0.16826923076923078
1 0.515625 0.8822115384615384 0.22355769230769232 0.23076923076923078
1 0.23677884615384615 0.5949519230769231 0.15625 0.2283653846153846
1 0.09134615384615384 0.2512019230769231 0.11057692307692307 0.10336538461538461
1 0.04326923076923077 0.296875 0.08653846153846154 0.10817307692307693
1 0.41225961538461536 0.23798076923076922 0.1778846153846154 0.12259615384615384
1 0.328125 0.21995192307692307 0.10096153846153846 0.08413461538461539
1 0.2403846153846154 0.2536057692307692 0.1346153846153846 0.10336538461538461
1 0.21995192307692307 0.0829326923076923 0.036057692307692304 0.04807692307692308
1 0.18870192307692307 0.09134615384615384 0.04567307692307692 0.04326923076923077
2 0.3088942307692308 0.4963942307692308 0.057692307692307696 0.16826923076923078