1 0.3713942307692308 0.8978365384615384 0.19471153846153846 0.19951923076923078
3 0.5108173076923077 0.8617788461538461 0.19951923076923078 0.27163461538461536
3 0.703125 0.6502403846153846 0.15625 0.19951923076923078
3 0.23557692307692307 0.5096153846153846 0.16826923076923078 0.12740384615384615
3 0.38221153846153844 0.4543269230769231 0.17067307692307693 0.13221153846153846
3 0.6117788461538461 0.4423076923076923 0.16346153846153846 0.13701923076923078
3 0.7439903846153846 0.29927884615384615 0.13221153846153846 0.11778846153846154
3 0.5697115384615384 0.3161057692307692 0.07451923076923077 0.08413461538461539
3 0.4831730769230769 0.28125 0.04567307692307692 0.06490384615384616
3 0.4723557692307692 0.23918269230769232 0.036057692307692304 0.06009615384615385
3 0.4170673076923077 0.24639423076923078 0.036057692307692304 0.04807692307692308
3 0.453125 0.18870192307692307 0.026442307692307692 0.038461538461538464
3 0.4074519230769231 0.171875 0.019230769230769232 0.02403846153846154
2 0.10576923076923077 0.9555288461538461 0.07692307692307693 0.08413461538461539
2 0.27283653846153844 0.7391826923076923 0.0889423076923077 0.17307692307692307
2 0.3858173076923077 0.6838942307692307 0.09615384615384616 0.18990384615384615
2 0.6201923076923077 0.5384615384615384 0.05048076923076923 0.12980769230769232
2 0.7764423076923077 0.5805288461538461 0.057692307692307696 0.14423076923076922
2 0.1935096153846154 0.5504807692307693 0.09134615384615384 0.125
2 0.4254807692307692 0.296875 0.028846153846153848 0.057692307692307696
2 0.4411057692307692 0.27884615384615385 0.028846153846153848 0.06009615384615385
3 0.21153846153846154 0.9146634615384616 0.20673076923076922 0.1658653846153846
3 0.8497596153846154 0.7836538461538461 0.21875 0.3389423076923077