1 0.2439903846153846 0.8209134615384616 0.2403846153846154 0.3076923076923077
1 0.4266826923076923 0.8509615384615384 0.23798076923076922 0.2932692307692308
1 0.6802884615384616 0.8100961538461539 0.21394230769230768 0.3269230769230769
1 0.9014423076923077 0.8786057692307693 0.19230769230769232 0.18990384615384615
1 0.8762019230769231 0.6850961538461539 0.18269230769230768 0.24278846153846154
1 0.7043269230769231 0.6189903846153846 0.15625 0.25240384615384615
1 0.4567307692307692 0.6574519230769231 0.14903846153846154 0.20432692307692307
1 0.328125 0.6129807692307693 0.19471153846153846 0.23798076923076922
2 0.23557692307692307 0.9026442307692307 0.10576923076923077 0.18990384615384615
2 0.6057692307692307 0.46875 0.06971153846153846 0.18269230769230768
2 0.6766826923076923 0.4362980769230769 0.08173076923076923 0.14182692307692307
2 0.8112980769230769 0.4699519230769231 0.06971153846153846 0.19230769230769232
2 0.7836538461538461 0.421875 0.0625 0.16346153846153846
1 0.6454326923076923 0.07091346153846154 0.04807692307692308 0.05048076923076923
0 0.4963942307692308 0.12379807692307693 0.1875 0.14423076923076922
0 0.7884615384615384 0.19471153846153846 0.3918269230769231 0.32211538461538464