1 0.29927884615384615 0.7283653846153846 0.15144230769230768 0.2644230769230769
1 0.1971153846153846 0.32211538461538464 0.18028846153846154 0.11778846153846154
1 0.6875 0.875 0.2091346153846154 0.2403846153846154
1 0.6706730769230769 0.671875 0.15865384615384615 0.21153846153846154
1 0.8701923076923077 0.8245192307692307 0.16826923076923078 0.2692307692307692
1 0.6021634615384616 0.32091346153846156 0.15384615384615385 0.11298076923076923
1 0.15625 0.17067307692307693 0.07451923076923077 0.06490384615384616
1 0.33413461538461536 0.15384615384615385 0.0625 0.05048076923076923
1 0.32211538461538464 0.12139423076923077 0.038461538461538464 0.03365384615384615
1 0.4014423076923077 0.16947115384615385 0.03125 0.057692307692307696
1 0.5420673076923077 0.21153846153846154 0.08413461538461539 0.06971153846153846
1 0.5492788461538461 0.18028846153846154 0.06971153846153846 0.05048076923076923
1 0.671875 0.20673076923076922 0.06490384615384616 0.055288461538461536
1 0.5384615384615384 0.12740384615384615 0.03125 0.040865384615384616
1 0.515625 0.109375 0.02403846153846154 0.036057692307692304
2 0.14302884615384615 0.6610576923076923 0.06971153846153846 0.21153846153846154
2 0.4519230769230769 0.5300480769230769 0.09615384615384616 0.09134615384615384
2 0.5612980769230769 0.4675480769230769 0.04567307692307692 0.1466346153846154
2 0.5745192307692307 0.6790865384615384 0.04326923076923077 0.19951923076923078
2 0.7596153846153846 0.6189903846153846 0.06490384615384616 0.18028846153846154
2 0.6598557692307693 0.21514423076923078 0.040865384615384616 0.0673076923076923
2 0.6105769230769231 0.2091346153846154 0.036057692307692304 0.06490384615384616
3 0.4639423076923077 0.17548076923076922 0.055288461538461536 0.10336538461538461
3 0.48677884615384615 0.7572115384615384 0.15865384615384615 0.40865384615384615