1 0.47475961538461536 0.6598557692307693 0.19471153846153846 0.24519230769230768
1 0.5805288461538461 0.2512019230769231 0.12259615384615384 0.10817307692307693
1 0.5432692307692307 0.20552884615384615 0.15625 0.10817307692307693
1 0.41947115384615385 0.23076923076923078 0.1466346153846154 0.10336538461538461
1 0.33413461538461536 0.15745192307692307 0.13942307692307693 0.13942307692307693
1 0.21634615384615385 0.19110576923076922 0.13221153846153846 0.11538461538461539
1 0.16947115384615385 0.22956730769230768 0.1778846153846154 0.12740384615384615
1 0.0889423076923077 0.1466346153846154 0.12740384615384615 0.1201923076923077
1 0.38822115384615385 0.025240384615384616 0.04326923076923077 0.05048076923076923
1 0.34615384615384615 0.026442307692307692 0.04326923076923077 0.052884615384615384
1 0.3125 0.03245192307692308 0.0673076923076923 0.06490384615384616