1 0.15745192307692307 0.7367788461538461 0.1971153846153846 0.25721153846153844
1 0.3112980769230769 0.7367788461538461 0.15865384615384615 0.3245192307692308
1 0.3112980769230769 0.5432692307692307 0.13221153846153846 0.18509615384615385
1 0.49278846153846156 0.484375 0.11538461538461539 0.13942307692307693
1 0.6117788461538461 0.44591346153846156 0.125 0.1658653846153846
1 0.5901442307692307 0.6550480769230769 0.13942307692307693 0.25240384615384615
1 0.5973557692307693 0.9663461538461539 0.23317307692307693 0.0625
1 0.8052884615384616 0.8533653846153846 0.3076923076923077 0.25240384615384615
1 0.4891826923076923 0.1778846153846154 0.07932692307692307 0.07451923076923077
1 0.5829326923076923 0.26802884615384615 0.0985576923076923 0.10576923076923077
1 0.7944711538461539 0.17427884615384615 0.08653846153846154 0.07932692307692307
2 0.6694711538461539 0.5721153846153846 0.0625 0.22596153846153846
2 0.9182692307692307 0.7848557692307693 0.11057692307692307 0.27403846153846156
2 0.2764423076923077 0.1466346153846154 0.016826923076923076 0.057692307692307696
2 0.23076923076923078 0.15264423076923078 0.016826923076923076 0.0625
2 0.8413461538461539 0.17427884615384615 0.036057692307692304 0.08413461538461539
0 0.9230769230769231 0.125 0.08413461538461539 0.15625
0 0.8269230769230769 0.0625 0.07211538461538461 0.08173076923076923
3 0.49399038461538464 0.75 0.21875 0.43509615384615385