1 0.7560096153846154 0.7319711538461539 0.1875 0.2956730769230769
1 0.36538461538461536 0.90625 0.2403846153846154 0.18269230769230768
1 0.34975961538461536 0.7283653846153846 0.1875 0.2283653846153846
1 0.16826923076923078 0.8846153846153846 0.20673076923076922 0.22596153846153846
1 0.8137019230769231 0.12139423076923077 0.09134615384615384 0.07451923076923077
1 0.6298076923076923 0.10697115384615384 0.05048076923076923 0.0673076923076923
1 0.5204326923076923 0.18269230769230768 0.07211538461538461 0.07211538461538461
1 0.5721153846153846 0.13581730769230768 0.052884615384615384 0.0625
1 0.4567307692307692 0.1658653846153846 0.04326923076923077 0.0673076923076923
1 0.4170673076923077 0.22235576923076922 0.10336538461538461 0.09375
1 0.2668269230769231 0.2512019230769231 0.06490384615384616 0.0625
1 0.4014423076923077 0.13822115384615385 0.036057692307692304 0.04567307692307692
2 0.8665865384615384 0.5757211538461539 0.09615384615384616 0.21634615384615385
2 0.4519230769230769 0.7259615384615384 0.07451923076923077 0.22596153846153846
2 0.24639423076923078 0.703125 0.07692307692307693 0.20432692307692307
2 0.3629807692307692 0.42908653846153844 0.04807692307692308 0.13942307692307693
2 0.484375 0.18389423076923078 0.03125 0.07451923076923077
3 0.5348557692307693 0.13701923076923078 0.040865384615384616 0.08413461538461539
3 0.5576923076923077 0.7848557692307693 0.20673076923076922 0.4254807692307692