1 0.28125 0.8473557692307693 0.15144230769230768 0.23076923076923078
1 0.4110576923076923 0.8125 0.15144230769230768 0.23557692307692307
1 0.4723557692307692 0.9567307692307693 0.18028846153846154 0.08173076923076923
1 0.296875 0.4362980769230769 0.1201923076923077 0.10336538461538461
1 0.3161057692307692 0.39663461538461536 0.10336538461538461 0.09375
1 0.6189903846153846 0.6298076923076923 0.11298076923076923 0.16105769230769232
1 0.5012019230769231 0.27283653846153844 0.03125 0.0625
1 0.484375 0.2536057692307692 0.028846153846153848 0.04567307692307692
1 0.5072115384615384 0.20552884615384615 0.021634615384615384 0.036057692307692304
1 0.45913461538461536 0.2091346153846154 0.02403846153846154 0.04326923076923077
2 0.027644230769230768 0.8701923076923077 0.055288461538461536 0.21153846153846154
2 0.3425480769230769 0.6237980769230769 0.06971153846153846 0.15625
2 0.2283653846153846 0.6430288461538461 0.06009615384615385 0.16105769230769232
2 0.5973557692307693 0.5 0.057692307692307696 0.10576923076923077
2 0.4423076923076923 0.23076923076923078 0.014423076923076924 0.04326923076923077
2 0.46875 0.22956730769230768 0.01201923076923077 0.03365384615384615
0 0.6706730769230769 0.41466346153846156 0.3125 0.25
3 0.12379807692307693 0.8533653846153846 0.17067307692307693 0.25961538461538464
3 0.7199519230769231 0.8293269230769231 0.17548076923076922 0.33653846153846156