1 0.3870192307692308 0.8040865384615384 0.17307692307692307 0.3485576923076923
1 0.5516826923076923 0.7536057692307693 0.16826923076923078 0.2980769230769231
1 0.6346153846153846 0.515625 0.13701923076923078 0.17067307692307693
1 0.3269230769230769 0.12860576923076922 0.03125 0.04567307692307692
1 0.4639423076923077 0.1622596153846154 0.055288461538461536 0.06009615384615385
1 0.5300480769230769 0.1622596153846154 0.06009615384615385 0.057692307692307696
2 0.34375 0.5048076923076923 0.055288461538461536 0.15384615384615385
2 0.41225961538461536 0.5288461538461539 0.0625 0.16105769230769232
2 0.46875 0.48677884615384615 0.057692307692307696 0.15384615384615385
2 0.5216346153846154 0.4795673076923077 0.0625 0.15865384615384615
3 0.9230769230769231 0.18870192307692307 0.09375 0.17548076923076922
3 0.9050480769230769 0.05889423076923077 0.0625 0.10817307692307693
3 0.41346153846153844 0.16466346153846154 0.0625 0.09615384615384616