1 0.4206730769230769 0.8521634615384616 0.16346153846153846 0.29086538461538464
1 0.6274038461538461 0.8653846153846154 0.17548076923076922 0.2620192307692308
1 0.7596153846153846 0.6021634615384616 0.15384615384615385 0.20192307692307693
1 0.5048076923076923 0.32572115384615385 0.14423076923076922 0.1346153846153846
1 0.44471153846153844 0.10817307692307693 0.03365384615384615 0.06490384615384616
1 0.8088942307692307 0.1971153846153846 0.08413461538461539 0.08173076923076923
1 0.7463942307692307 0.16346153846153846 0.04567307692307692 0.0673076923076923
2 0.3425480769230769 0.7367788461538461 0.07211538461538461 0.24278846153846154
2 0.4014423076923077 0.5925480769230769 0.06009615384615385 0.20192307692307693
2 0.6153846153846154 0.6346153846153846 0.06490384615384616 0.2091346153846154
2 0.7391826923076923 0.7355769230769231 0.0673076923076923 0.23557692307692307
3 0.6802884615384616 0.18870192307692307 0.08653846153846154 0.11778846153846154