1 0.7800480769230769 0.9194711538461539 0.1658653846153846 0.13221153846153846
1 0.6286057692307693 0.9026442307692307 0.18028846153846154 0.18509615384615385
1 0.38341346153846156 0.7668269230769231 0.1466346153846154 0.18028846153846154
1 0.8485576923076923 0.5108173076923077 0.11538461538461539 0.10576923076923077
1 0.7067307692307693 0.49038461538461536 0.16826923076923078 0.11538461538461539
1 0.46875 0.5336538461538461 0.16105769230769232 0.13221153846153846
1 0.28365384615384615 0.41947115384615385 0.12740384615384615 0.10336538461538461
1 0.4495192307692308 0.39302884615384615 0.07211538461538461 0.0673076923076923
1 0.5096153846153846 0.3425480769230769 0.04567307692307692 0.0673076923076923
1 0.5072115384615384 0.2932692307692308 0.028846153846153848 0.04326923076923077
1 0.5661057692307693 0.28966346153846156 0.038461538461538464 0.05048076923076923
1 0.5216346153846154 0.23918269230769232 0.021634615384615384 0.03125
1 0.5576923076923077 0.21153846153846154 0.016826923076923076 0.02403846153846154
2 0.84375 0.7560096153846154 0.0625 0.1658653846153846
2 0.7091346153846154 0.7355769230769231 0.08173076923076923 0.18990384615384615
2 0.421875 0.6358173076923077 0.04326923076923077 0.1201923076923077
2 0.2848557692307692 0.7247596153846154 0.04807692307692308 0.14182692307692307
2 0.5817307692307693 0.3425480769230769 0.026442307692307692 0.07692307692307693
2 0.5504807692307693 0.32572115384615385 0.02403846153846154 0.0625
3 0.9314903846153846 0.9098557692307693 0.13221153846153846 0.13221153846153846
3 0.2620192307692308 0.890625 0.1971153846153846 0.21394230769230768