1 0.23798076923076922 0.7295673076923077 0.1658653846153846 0.24278846153846154
1 0.3870192307692308 0.734375 0.12740384615384615 0.3269230769230769
1 0.41947115384615385 0.5769230769230769 0.11778846153846154 0.18990384615384615
1 0.6694711538461539 0.6983173076923077 0.11538461538461539 0.24759615384615385
1 0.8521634615384616 0.8942307692307693 0.27403846153846156 0.19951923076923078
1 0.5925480769230769 0.5192307692307693 0.09375 0.12740384615384615
1 0.7235576923076923 0.5012019230769231 0.10817307692307693 0.15384615384615385
1 0.75 0.3269230769230769 0.08653846153846154 0.10576923076923077
1 0.6045673076923077 0.23197115384615385 0.07211538461538461 0.07692307692307693
1 0.9663461538461539 0.25841346153846156 0.06009615384615385 0.07932692307692307
2 0.7560096153846154 0.6322115384615384 0.055288461538461536 0.22115384615384615
2 0.9579326923076923 0.8521634615384616 0.07932692307692307 0.2668269230769231
2 0.40865384615384615 0.17067307692307693 0.014423076923076924 0.055288461538461536
0 0.9771634615384616 0.1502403846153846 0.03365384615384615 0.0985576923076923
3 0.5709134615384616 0.7848557692307693 0.17067307692307693 0.41346153846153844