1 0.7079326923076923 0.7175480769230769 0.15144230769230768 0.2692307692307692
1 0.3125 0.8810096153846154 0.22115384615384615 0.23317307692307693
1 0.31490384615384615 0.6766826923076923 0.16346153846153846 0.20432692307692307
1 0.125 0.84375 0.1778846153846154 0.29086538461538464
1 0.8257211538461539 0.13341346153846154 0.07932692307692307 0.06490384615384616
1 0.6514423076923077 0.10216346153846154 0.040865384615384616 0.057692307692307696
1 0.5504807692307693 0.15865384615384615 0.06009615384615385 0.06490384615384616
1 0.5805288461538461 0.12620192307692307 0.036057692307692304 0.052884615384615384
1 0.4879807692307692 0.17548076923076922 0.07451923076923077 0.07451923076923077
1 0.36538461538461536 0.22235576923076922 0.10576923076923077 0.07692307692307693
1 0.32572115384615385 0.19471153846153846 0.07692307692307693 0.06971153846153846
1 0.4170673076923077 0.11057692307692307 0.026442307692307692 0.04326923076923077
2 0.8269230769230769 0.5805288461538461 0.06490384615384616 0.19951923076923078
2 0.41947115384615385 0.6826923076923077 0.040865384615384616 0.22115384615384615
2 0.21875 0.6394230769230769 0.052884615384615384 0.20673076923076922
2 0.25600961538461536 0.5456730769230769 0.05048076923076923 0.17067307692307693
2 0.35096153846153844 0.37740384615384615 0.03125 0.12740384615384615
2 0.44471153846153844 0.17668269230769232 0.021634615384615384 0.06490384615384616
3 0.5432692307692307 0.11057692307692307 0.03365384615384615 0.057692307692307696
3 0.5132211538461539 0.7524038461538461 0.16105769230769232 0.40384615384615385