1 0.21514423076923078 0.7692307692307693 0.19951923076923078 0.3125
1 0.6610576923076923 0.8629807692307693 0.25721153846153844 0.25961538461538464
1 0.8641826923076923 0.8004807692307693 0.21153846153846154 0.31971153846153844
1 0.6237980769230769 0.65625 0.19471153846153846 0.25240384615384615
1 0.019230769230769232 0.16105769230769232 0.038461538461538464 0.08653846153846154
1 0.17067307692307693 0.09735576923076923 0.052884615384615384 0.0673076923076923
1 0.22596153846153846 0.11658653846153846 0.06971153846153846 0.0673076923076923
1 0.32572115384615385 0.1502403846153846 0.08413461538461539 0.08413461538461539
1 0.4014423076923077 0.0829326923076923 0.04567307692307692 0.055288461538461536
1 0.36778846153846156 0.11057692307692307 0.055288461538461536 0.057692307692307696
1 0.43028846153846156 0.14182692307692307 0.08173076923076923 0.07211538461538461
1 0.5012019230769231 0.15985576923076922 0.11538461538461539 0.09615384615384616
2 0.06370192307692307 0.6334134615384616 0.10096153846153846 0.22355769230769232
2 0.5180288461538461 0.6766826923076923 0.07451923076923077 0.23076923076923078
2 0.7235576923076923 0.5877403846153846 0.10096153846153846 0.20432692307692307
2 0.5180288461538461 0.36658653846153844 0.05048076923076923 0.14903846153846154
2 0.3737980769230769 0.14302884615384615 0.036057692307692304 0.0673076923076923
3 0.27884615384615385 0.11177884615384616 0.05048076923076923 0.10336538461538461
3 0.43028846153846156 0.7728365384615384 0.22115384615384615 0.4495192307692308