1 0.8052884615384616 0.7439903846153846 0.25240384615384615 0.3125
1 0.6466346153846154 0.8329326923076923 0.2548076923076923 0.32211538461538464
1 0.3954326923076923 0.8377403846153846 0.2283653846153846 0.31971153846153844
1 0.18870192307692307 0.9314903846153846 0.25240384615384615 0.13221153846153846
1 0.18509615384615385 0.7752403846153846 0.20192307692307693 0.25240384615384615
1 0.3245192307692308 0.6622596153846154 0.16826923076923078 0.24278846153846154
1 0.5637019230769231 0.6466346153846154 0.15865384615384615 0.20673076923076922
1 0.6754807692307693 0.5745192307692307 0.20673076923076922 0.24519230769230768
1 0.30288461538461536 0.3004807692307692 0.18990384615384615 0.15384615384615385
1 0.2091346153846154 0.2620192307692308 0.06971153846153846 0.10576923076923077
1 0.2283653846153846 0.18389423076923078 0.07451923076923077 0.07451923076923077
1 0.2247596153846154 0.07211538461538461 0.028846153846153848 0.04326923076923077
2 0.8389423076923077 0.8341346153846154 0.1201923076923077 0.23076923076923078
2 0.45072115384615385 0.5757211538461539 0.08413461538461539 0.20192307692307693
2 0.36658653846153844 0.5420673076923077 0.09615384615384616 0.19471153846153846
2 0.20432692307692307 0.5096153846153846 0.06971153846153846 0.16826923076923078
2 0.18870192307692307 0.5564903846153846 0.09375 0.18509615384615385
2 0.25240384615384615 0.21153846153846154 0.05048076923076923 0.07211538461538461
2 0.3713942307692308 0.2608173076923077 0.055288461538461536 0.07451923076923077
0 0.39903846153846156 0.171875 0.19951923076923078 0.1658653846153846