1 0.8569711538461539 0.7680288461538461 0.19471153846153846 0.3317307692307692
1 0.41586538461538464 0.9182692307692307 0.25 0.15865384615384615
1 0.41225961538461536 0.7512019230769231 0.19471153846153846 0.2548076923076923
1 0.203125 0.8966346153846154 0.2091346153846154 0.20192307692307693
1 0.9314903846153846 0.10336538461538461 0.07692307692307693 0.08173076923076923
1 0.6009615384615384 0.16826923076923078 0.08413461538461539 0.08653846153846154
1 0.6838942307692307 0.11057692307692307 0.06971153846153846 0.07211538461538461
1 0.7427884615384616 0.08052884615384616 0.05048076923076923 0.07451923076923077
1 0.44591346153846156 0.2091346153846154 0.11298076923076923 0.09134615384615384
1 0.49278846153846156 0.18269230769230768 0.09134615384615384 0.07211538461538461
1 0.546875 0.14302884615384615 0.04567307692307692 0.06971153846153846
1 0.5 0.11177884615384616 0.04567307692307692 0.052884615384615384
2 0.9639423076923077 0.6033653846153846 0.0673076923076923 0.24519230769230768
2 0.5276442307692307 0.7536057692307693 0.06490384615384616 0.24519230769230768
2 0.29086538461538464 0.7079326923076923 0.08413461538461539 0.22596153846153846
2 0.31850961538461536 0.6334134615384616 0.06971153846153846 0.1971153846153846
2 0.44711538461538464 0.43149038461538464 0.052884615384615384 0.16346153846153846
2 0.5528846153846154 0.17668269230769232 0.036057692307692304 0.07692307692307693
3 0.6346153846153846 0.11658653846153846 0.04567307692307692 0.10817307692307693
3 0.6322115384615384 0.7884615384615384 0.2091346153846154 0.40865384615384615