1 0.3137019230769231 0.8401442307692307 0.16105769230769232 0.31490384615384615
1 0.4951923076923077 0.8269230769230769 0.1658653846153846 0.2980769230769231
1 0.6069711538461539 0.5793269230769231 0.12980769230769232 0.1778846153846154
1 0.4639423076923077 0.18629807692307693 0.06009615384615385 0.06009615384615385
1 0.3112980769230769 0.1346153846153846 0.028846153846153848 0.05048076923076923
1 0.5444711538461539 0.1971153846153846 0.057692307692307696 0.06490384615384616
1 0.8846153846153846 0.14302884615384615 0.038461538461538464 0.057692307692307696
2 0.29447115384615385 0.5444711538461539 0.052884615384615384 0.17307692307692307
2 0.36538461538461536 0.5817307692307693 0.0673076923076923 0.18028846153846154
2 0.4362980769230769 0.5372596153846154 0.055288461538461536 0.16346153846153846
2 0.4879807692307692 0.53125 0.057692307692307696 0.1658653846153846
2 0.6959134615384616 0.3737980769230769 0.07692307692307693 0.12980769230769232
3 0.9387019230769231 0.11658653846153846 0.06009615384615385 0.11778846153846154
3 0.4098557692307692 0.18629807692307693 0.0625 0.09615384615384616