1 0.5420673076923077 0.6935096153846154 0.18028846153846154 0.2860576923076923
1 0.17427884615384615 0.14903846153846154 0.14903846153846154 0.11538461538461539
1 0.08173076923076923 0.052884615384615384 0.057692307692307696 0.08413461538461539
1 0.07932692307692307 0.10096153846153846 0.057692307692307696 0.0889423076923077
1 0.1466346153846154 0.057692307692307696 0.0625 0.0673076923076923
1 0.18269230769230768 0.04807692307692308 0.052884615384615384 0.06490384615384616
1 0.47716346153846156 0.8737980769230769 0.2091346153846154 0.24759615384615385
1 0.7836538461538461 0.8665865384615384 0.2692307692307692 0.2620192307692308
1 0.7584134615384616 0.6394230769230769 0.17067307692307693 0.2548076923076923
1 0.6670673076923077 0.47716346153846156 0.13942307692307693 0.1971153846153846
1 0.5384615384615384 0.014423076923076924 0.028846153846153848 0.028846153846153848
2 0.20192307692307693 0.5889423076923077 0.0889423076923077 0.24519230769230768
2 0.5745192307692307 0.3786057692307692 0.07692307692307693 0.16346153846153846
2 0.8569711538461539 0.4026442307692308 0.057692307692307696 0.11778846153846154