1 0.17307692307692307 0.9074519230769231 0.25961538461538464 0.18028846153846154
1 0.3737980769230769 0.9254807692307693 0.28125 0.14423076923076922
1 0.6802884615384616 0.8786057692307693 0.24759615384615385 0.22596153846153846
1 0.9002403846153846 0.8040865384615384 0.19471153846153846 0.30528846153846156
1 0.7103365384615384 0.7283653846153846 0.20192307692307693 0.2932692307692308
1 0.41346153846153844 0.7980769230769231 0.1875 0.25240384615384615
1 0.24879807692307693 0.7548076923076923 0.24519230769230768 0.3004807692307692
1 0.5961538461538461 0.042067307692307696 0.052884615384615384 0.04567307692307692
1 0.8052884615384616 0.11658653846153846 0.09134615384615384 0.09615384615384616
2 0.6730769230769231 0.5132211538461539 0.10096153846153846 0.1658653846153846
2 0.6935096153846154 0.4735576923076923 0.10576923076923077 0.1778846153846154
2 0.8329326923076923 0.5480769230769231 0.0889423076923077 0.23557692307692307
2 0.7908653846153846 0.49038461538461536 0.07451923076923077 0.2091346153846154
2 0.9134615384615384 0.28966346153846156 0.0889423076923077 0.15144230769230768
0 0.49399038461538464 0.2608173076923077 0.6225961538461539 0.40384615384615385