1 0.27163461538461536 0.8401442307692307 0.2403846153846154 0.30288461538461536
1 0.45072115384615385 0.8605769230769231 0.23317307692307693 0.27403846153846156
1 0.7007211538461539 0.8221153846153846 0.21153846153846154 0.31971153846153844
1 0.9098557692307693 0.8798076923076923 0.17548076923076922 0.1778846153846154
1 0.890625 0.6983173076923077 0.19230769230769232 0.24519230769230768
1 0.7211538461538461 0.6237980769230769 0.16105769230769232 0.23798076923076922
1 0.47716346153846156 0.6706730769230769 0.1466346153846154 0.19230769230769232
1 0.34975961538461536 0.6334134615384616 0.19230769230769232 0.23798076923076922
1 0.6346153846153846 0.24759615384615385 0.15625 0.11538461538461539
1 0.7271634615384616 0.18509615384615385 0.08653846153846154 0.10096153846153846
1 0.7355769230769231 0.13221153846153846 0.0985576923076923 0.07692307692307693
1 0.8713942307692307 0.21634615384615385 0.1971153846153846 0.14423076923076922
1 0.6514423076923077 0.027644230769230768 0.03125 0.04567307692307692
2 0.26322115384615385 0.9074519230769231 0.10817307692307693 0.18028846153846154
2 0.5901442307692307 0.6237980769230769 0.08413461538461539 0.2283653846153846
2 0.6153846153846154 0.546875 0.07211538461538461 0.20673076923076922
2 0.8233173076923077 0.484375 0.07211538461538461 0.20192307692307693
2 0.7896634615384616 0.42908653846153844 0.04807692307692308 0.16346153846153846
2 0.6598557692307693 0.15985576923076922 0.05048076923076923 0.08413461538461539
0 0.5108173076923077 0.1622596153846154 0.18990384615384615 0.1778846153846154