1 0.23557692307692307 0.8653846153846154 0.18509615384615385 0.24759615384615385
1 0.3798076923076923 0.8329326923076923 0.1778846153846154 0.27163461538461536
1 0.4579326923076923 0.984375 0.20432692307692307 0.026442307692307692
1 0.6213942307692307 0.625 0.12740384615384615 0.18990384615384615
1 0.39783653846153844 0.41346153846153844 0.16346153846153846 0.12259615384615384
1 0.44711538461538464 0.38100961538461536 0.11778846153846154 0.12259615384615384
1 0.49038461538461536 0.23677884615384615 0.055288461538461536 0.07451923076923077
1 0.4699519230769231 0.21033653846153846 0.038461538461538464 0.05048076923076923
1 0.4362980769230769 0.15384615384615385 0.02403846153846154 0.040865384615384616
1 0.49038461538461536 0.15144230769230768 0.026442307692307692 0.038461538461538464
2 0.30528846153846156 0.6298076923076923 0.07451923076923077 0.1875
2 0.17067307692307693 0.6526442307692307 0.0673076923076923 0.17548076923076922
2 0.5997596153846154 0.4855769230769231 0.07211538461538461 0.13942307692307693
2 0.41466346153846156 0.17908653846153846 0.01201923076923077 0.04326923076923077
2 0.44471153846153844 0.17908653846153846 0.021634615384615384 0.036057692307692304
0 0.7475961538461539 0.3870192307692308 0.25961538461538464 0.27884615384615385
3 0.07572115384615384 0.8629807692307693 0.15144230769230768 0.23557692307692307
3 0.7439903846153846 0.828125 0.19471153846153846 0.3389423076923077