1 0.2920673076923077 0.8810096153846154 0.14423076923076922 0.23317307692307693
1 0.4326923076923077 0.8497596153846154 0.14182692307692307 0.25
1 0.6766826923076923 0.7427884615384616 0.11538461538461539 0.1778846153846154
1 0.5036057692307693 0.9795673076923077 0.1778846153846154 0.036057692307692304
1 0.40625 0.4675480769230769 0.11538461538461539 0.10096153846153846
1 0.41586538461538464 0.4266826923076923 0.12980769230769232 0.07211538461538461
1 0.6153846153846154 0.421875 0.1201923076923077 0.09134615384615384
1 0.6634615384615384 0.35096153846153844 0.08173076923076923 0.07211538461538461
1 0.4675480769230769 0.2824519230769231 0.038461538461538464 0.057692307692307696
1 0.5228365384615384 0.29927884615384615 0.038461538461538464 0.0625
1 0.44591346153846156 0.25961538461538464 0.03365384615384615 0.052884615384615384
1 0.4651442307692308 0.23918269230769232 0.02403846153846154 0.040865384615384616
1 0.44471153846153844 0.2091346153846154 0.02403846153846154 0.028846153846153848
1 0.48677884615384615 0.22716346153846154 0.021634615384615384 0.026442307692307692
2 0.3485576923076923 0.6478365384615384 0.0625 0.16826923076923078
2 0.22956730769230768 0.6670673076923077 0.05048076923076923 0.15865384615384615
2 0.4963942307692308 0.453125 0.052884615384615384 0.09615384615384616
2 0.5817307692307693 0.45552884615384615 0.0673076923076923 0.10576923076923077
2 0.6057692307692307 0.5324519230769231 0.052884615384615384 0.14182692307692307
2 0.7307692307692307 0.5685096153846154 0.057692307692307696 0.15384615384615385
2 0.5432692307692307 0.3233173076923077 0.03125 0.0625
3 0.1346153846153846 0.8858173076923077 0.17067307692307693 0.22596153846153846
3 0.7596153846153846 0.8329326923076923 0.14903846153846154 0.3317307692307692