1 0.8233173076923077 0.8209134615384616 0.27403846153846156 0.3557692307692308
1 0.6189903846153846 0.8425480769230769 0.27163461538461536 0.31009615384615385
1 0.3449519230769231 0.7788461538461539 0.24278846153846154 0.36538461538461536
1 0.10336538461538461 0.8557692307692307 0.20673076923076922 0.21634615384615385
1 0.1310096153846154 0.6430288461538461 0.21153846153846154 0.27163461538461536
1 0.3245192307692308 0.5721153846153846 0.1778846153846154 0.2692307692307692
1 0.5913461538461539 0.6310096153846154 0.17067307692307693 0.23317307692307693
1 0.7415865384615384 0.5853365384615384 0.22596153846153846 0.2668269230769231
2 0.8257211538461539 0.9026442307692307 0.12740384615384615 0.18990384615384615
2 0.4230769230769231 0.4074519230769231 0.09615384615384616 0.18990384615384615
2 0.3557692307692308 0.375 0.08653846153846154 0.15384615384615385
2 0.20793269230769232 0.40865384615384615 0.08173076923076923 0.21875
2 0.24639423076923078 0.3545673076923077 0.06971153846153846 0.18269230769230768
1 0.5252403846153846 0.20072115384615385 0.09375 0.11538461538461539
0 0.5721153846153846 0.055288461538461536 0.21153846153846154 0.11057692307692307
0 0.27163461538461536 0.14302884615384615 0.4855769230769231 0.2860576923076923