1 0.5228365384615384 0.8653846153846154 0.16105769230769232 0.2644230769230769
1 0.6117788461538461 0.546875 0.125 0.17067307692307693
1 0.36899038461538464 0.1658653846153846 0.040865384615384616 0.057692307692307696
1 0.9074519230769231 0.2548076923076923 0.09615384615384616 0.07932692307692307
2 0.4951923076923077 0.4987980769230769 0.04567307692307692 0.15384615384615385
2 0.21153846153846154 0.8677884615384616 0.07211538461538461 0.25961538461538464
2 0.22716346153846154 0.6370192307692307 0.05048076923076923 0.1875
2 0.7379807692307693 0.8317307692307693 0.08173076923076923 0.25240384615384615
2 0.21995192307692307 0.3317307692307692 0.0625 0.0985576923076923
2 0.5817307692307693 0.7163461538461539 0.06490384615384616 0.2091346153846154
3 0.49158653846153844 0.33413461538461536 0.18509615384615385 0.16826923076923078
3 0.9194711538461539 0.12379807692307693 0.057692307692307696 0.10096153846153846
3 0.6935096153846154 0.23918269230769232 0.10336538461538461 0.11778846153846154