1 0.8112980769230769 0.6646634615384616 0.18990384615384615 0.30288461538461536
1 0.3918269230769231 0.6526442307692307 0.18509615384615385 0.2403846153846154
1 0.4026442307692308 0.8689903846153846 0.25240384615384615 0.25721153846153844
1 0.19591346153846154 0.8473557692307693 0.21394230769230768 0.3004807692307692
1 0.8834134615384616 0.03365384615384615 0.09375 0.0673076923076923
1 0.7860576923076923 0.030048076923076924 0.08653846153846154 0.06009615384615385
1 0.6875 0.02283653846153846 0.052884615384615384 0.04567307692307692
1 0.6394230769230769 0.040865384615384616 0.057692307692307696 0.0625
1 0.609375 0.0733173076923077 0.052884615384615384 0.08173076923076923
1 0.3894230769230769 0.2764423076923077 0.1875 0.13942307692307693
1 0.33653846153846156 0.17548076923076922 0.11057692307692307 0.0889423076923077
1 0.3449519230769231 0.1346153846153846 0.10096153846153846 0.07932692307692307
1 0.5144230769230769 0.07091346153846154 0.04567307692307692 0.07211538461538461
1 0.4735576923076923 0.04447115384615385 0.03365384615384615 0.04807692307692308
1 0.5168269230769231 0.025240384615384616 0.03365384615384615 0.05048076923076923
2 0.9831730769230769 0.7127403846153846 0.028846153846153848 0.2956730769230769
2 0.8846153846153846 0.5552884615384616 0.08413461538461539 0.22115384615384615
2 0.6514423076923077 0.47596153846153844 0.1201923076923077 0.19951923076923078
2 0.4963942307692308 0.6526442307692307 0.06971153846153846 0.23317307692307693
2 0.28365384615384615 0.6105769230769231 0.07932692307692307 0.19230769230769232
2 0.06370192307692307 0.9447115384615384 0.05048076923076923 0.10576923076923077
3 0.6045673076923077 0.7127403846153846 0.20673076923076922 0.44711538461538464
3 0.4579326923076923 0.10576923076923077 0.09375 0.1201923076923077