1 0.6959134615384616 0.8509615384615384 0.1466346153846154 0.23076923076923078
1 0.5697115384615384 0.8173076923076923 0.1466346153846154 0.24519230769230768
1 0.5024038461538461 0.9627403846153846 0.17307692307692307 0.06971153846153846
1 0.36177884615384615 0.6346153846153846 0.10576923076923077 0.16826923076923078
1 0.6514423076923077 0.4495192307692308 0.1201923076923077 0.10096153846153846
1 0.6201923076923077 0.41225961538461536 0.10096153846153846 0.10336538461538461
1 0.4855769230769231 0.2860576923076923 0.040865384615384616 0.06009615384615385
1 0.5 0.27163461538461536 0.028846153846153848 0.04567307692307692
1 0.53125 0.21995192307692307 0.019230769230769232 0.03365384615384615
1 0.4831730769230769 0.21514423076923078 0.016826923076923076 0.028846153846153848
1 0.49158653846153844 0.24278846153846154 0.019230769230769232 0.028846153846153848
2 0.9495192307692307 0.8810096153846154 0.04567307692307692 0.20432692307692307
2 0.7512019230769231 0.6526442307692307 0.057692307692307696 0.13942307692307693
2 0.6370192307692307 0.6310096153846154 0.0625 0.15865384615384615
2 0.3870192307692308 0.5060096153846154 0.06009615384615385 0.11057692307692307
2 0.5516826923076923 0.24158653846153846 0.007211538461538462 0.040865384615384616
2 0.5240384615384616 0.24158653846153846 0.016826923076923076 0.038461538461538464
0 0.2956730769230769 0.4182692307692308 0.28846153846153844 0.23317307692307693
3 0.8521634615384616 0.8629807692307693 0.17067307692307693 0.25
3 0.25961538461538464 0.828125 0.16826923076923078 0.3389423076923077