1 0.7391826923076923 0.6899038461538461 0.18269230769230768 0.27163461538461536
1 0.39302884615384615 0.8870192307692307 0.23317307692307693 0.22115384615384615
1 0.2091346153846154 0.8701923076923077 0.20673076923076922 0.2548076923076923
1 0.36778846153846156 0.7067307692307693 0.1778846153846154 0.2283653846153846
1 0.6802884615384616 0.28725961538461536 0.17548076923076922 0.14423076923076922
1 0.7728365384615384 0.12740384615384615 0.08653846153846154 0.07451923076923077
1 0.46033653846153844 0.21514423076923078 0.08413461538461539 0.07932692307692307
1 0.34375 0.24158653846153846 0.09375 0.07451923076923077
1 0.5745192307692307 0.14903846153846154 0.0673076923076923 0.06490384615384616
1 0.6057692307692307 0.1201923076923077 0.04326923076923077 0.06009615384615385
2 0.8401442307692307 0.5528846153846154 0.09375 0.20432692307692307
2 0.46634615384615385 0.6983173076923077 0.06490384615384616 0.2091346153846154
2 0.27163461538461536 0.6862980769230769 0.09134615384615384 0.2091346153846154
2 0.39783653846153844 0.45552884615384615 0.055288461538461536 0.13942307692307693
2 0.39302884615384615 0.22956730769230768 0.036057692307692304 0.06490384615384616
2 0.2920673076923077 0.2620192307692308 0.04567307692307692 0.0673076923076923
3 0.5024038461538461 0.17067307692307693 0.057692307692307696 0.0985576923076923
3 0.5600961538461539 0.7512019230769231 0.20673076923076922 0.40625