1 0.6634615384615384 0.5408653846153846 0.15625 0.21634615384615385
1 0.5372596153846154 0.5408653846153846 0.13221153846153846 0.2860576923076923
1 0.5 0.4495192307692308 0.1201923076923077 0.1971153846153846
1 0.29927884615384615 0.8653846153846154 0.23798076923076922 0.24759615384615385
1 0.2980769230769231 0.5024038461538461 0.11538461538461539 0.21634615384615385
1 0.14903846153846154 0.7079326923076923 0.23317307692307693 0.32211538461538464
1 0.33413461538461536 0.33774038461538464 0.10336538461538461 0.13221153846153846
1 0.1814903846153846 0.3233173076923077 0.1201923076923077 0.16105769230769232
1 0.4375 0.15625 0.07451923076923077 0.0889423076923077
1 0.10216346153846154 0.17548076923076922 0.09134615384615384 0.09375
2 0.8004807692307693 0.84375 0.10096153846153846 0.3076923076923077
2 0.5817307692307693 0.06490384615384616 0.019230769230769232 0.052884615384615384
2 0.6225961538461539 0.07932692307692307 0.02403846153846154 0.06009615384615385
2 0.0733173076923077 0.5913461538461539 0.07692307692307693 0.22115384615384615
3 0.38221153846153844 0.5877403846153846 0.17307692307692307 0.375