1 0.28125 0.8257211538461539 0.21875 0.30528846153846156
1 0.7079326923076923 0.9711538461538461 0.24759615384615385 0.052884615384615384
1 0.8737980769230769 0.953125 0.11778846153846154 0.0889423076923077
1 0.7235576923076923 0.8617788461538461 0.21634615384615385 0.27163461538461536
1 0.3581730769230769 0.359375 0.21153846153846154 0.17307692307692307
1 0.2512019230769231 0.1658653846153846 0.10336538461538461 0.0889423076923077
1 0.6225961538461539 0.2776442307692308 0.0985576923076923 0.09615384615384616
1 0.7620192307692307 0.31009615384615385 0.11298076923076923 0.09134615384615384
1 0.48677884615384615 0.19471153846153846 0.07932692307692307 0.07692307692307693
1 0.45072115384615385 0.1622596153846154 0.052884615384615384 0.07211538461538461
2 0.1622596153846154 0.6706730769230769 0.11538461538461539 0.24278846153846154
2 0.6057692307692307 0.8533653846153846 0.08173076923076923 0.25
2 0.8365384615384616 0.8425480769230769 0.11298076923076923 0.25
2 0.6923076923076923 0.5649038461538461 0.0673076923076923 0.1658653846153846
2 0.703125 0.2956730769230769 0.04567307692307692 0.07932692307692307
2 0.8221153846153846 0.33533653846153844 0.055288461538461536 0.07932692307692307
3 0.5721153846153846 0.2247596153846154 0.06971153846153846 0.11778846153846154
3 0.5060096153846154 0.8329326923076923 0.23317307692307693 0.3293269230769231