1 0.27524038461538464 0.8257211538461539 0.17548076923076922 0.34375
1 0.46153846153846156 0.7956730769230769 0.17548076923076922 0.31490384615384615
1 0.5685096153846154 0.5324519230769231 0.14903846153846154 0.18990384615384615
1 0.3762019230769231 0.13341346153846154 0.05048076923076923 0.0673076923076923
1 0.24519230769230768 0.08533653846153846 0.03365384615384615 0.05048076923076923
1 0.4483173076923077 0.13701923076923078 0.06490384615384616 0.0673076923076923
2 0.24879807692307693 0.5060096153846154 0.057692307692307696 0.17067307692307693
2 0.3269230769230769 0.5252403846153846 0.057692307692307696 0.17067307692307693
2 0.38461538461538464 0.48677884615384615 0.06009615384615385 0.17307692307692307
2 0.44350961538461536 0.49278846153846156 0.06971153846153846 0.18028846153846154
2 0.4074519230769231 0.15504807692307693 0.03125 0.06009615384615385
3 0.8762019230769231 0.19110576923076922 0.21153846153846154 0.2091346153846154
3 0.8894230769230769 0.04807692307692308 0.07211538461538461 0.09615384615384616
3 0.32572115384615385 0.1346153846153846 0.07211538461538461 0.10336538461538461