1 0.3449519230769231 0.8401442307692307 0.19471153846153846 0.31490384615384615
1 0.765625 0.7319711538461539 0.19230769230769232 0.23798076923076922
1 0.796875 0.8978365384615384 0.24759615384615385 0.16105769230769232
1 0.9471153846153846 0.84375 0.10096153846153846 0.21634615384615385
1 0.12620192307692307 0.21875 0.0985576923076923 0.08653846153846154
1 0.20552884615384615 0.1935096153846154 0.08413461538461539 0.07451923076923077
1 0.31490384615384615 0.15985576923076922 0.04807692307692308 0.07211538461538461
1 0.36658653846153844 0.17548076923076922 0.06971153846153846 0.06490384615384616
1 0.41346153846153844 0.19951923076923078 0.057692307692307696 0.08173076923076923
1 0.5060096153846154 0.18028846153846154 0.04807692307692308 0.06971153846153846
1 0.5396634615384616 0.1466346153846154 0.04567307692307692 0.06009615384615385
1 0.49038461538461536 0.13221153846153846 0.03125 0.038461538461538464
1 0.7043269230769231 0.20072115384615385 0.11057692307692307 0.07692307692307693
1 0.7223557692307693 0.24278846153846154 0.0889423076923077 0.08653846153846154
1 0.7079326923076923 0.35336538461538464 0.1346153846153846 0.12980769230769232
2 0.1466346153846154 0.9050480769230769 0.11057692307692307 0.18509615384615385
2 0.23798076923076922 0.7680288461538461 0.09615384615384616 0.24519230769230768
2 0.42427884615384615 0.6346153846153846 0.11538461538461539 0.2091346153846154
2 0.6574519230769231 0.7668269230769231 0.07211538461538461 0.24519230769230768
2 0.8677884615384616 0.6730769230769231 0.09375 0.22115384615384615
3 0.44350961538461536 0.15865384615384615 0.04326923076923077 0.08653846153846154
3 0.5625 0.8088942307692307 0.21153846153846154 0.37740384615384615