1 0.8713942307692307 0.6658653846153846 0.20673076923076922 0.33413461538461536
1 0.4411057692307692 0.875 0.2764423076923077 0.24519230769230768
1 0.4182692307692308 0.6610576923076923 0.21153846153846154 0.2644230769230769
1 0.22115384615384615 0.8545673076923077 0.2403846153846154 0.2860576923076923
1 0.9098557692307693 0.15745192307692307 0.11538461538461539 0.15865384615384615
1 0.9158653846153846 0.014423076923076924 0.057692307692307696 0.028846153846153848
1 0.6899038461538461 0.020432692307692308 0.07692307692307693 0.040865384615384616
1 0.5673076923076923 0.06971153846153846 0.09615384615384616 0.0889423076923077
1 0.44471153846153844 0.0889423076923077 0.09375 0.08413461538461539
1 0.33653846153846156 0.14302884615384615 0.09134615384615384 0.09615384615384616
1 0.5024038461538461 0.021634615384615384 0.04807692307692308 0.04326923076923077
2 0.9663461538461539 0.4951923076923077 0.0625 0.24519230769230768
2 0.5348557692307693 0.6586538461538461 0.07692307692307693 0.2548076923076923
2 0.46153846153846156 0.3545673076923077 0.057692307692307696 0.17067307692307693
2 0.30408653846153844 0.6262019230769231 0.08173076923076923 0.22596153846153846
2 0.5012019230769231 0.0829326923076923 0.04326923076923077 0.08413461538461539
2 0.40024038461538464 0.10817307692307693 0.052884615384615384 0.08413461538461539
3 0.6165865384615384 0.040865384615384616 0.06971153846153846 0.08173076923076923
3 0.6502403846153846 0.7211538461538461 0.22596153846153846 0.4807692307692308