1 0.7079326923076923 0.8365384615384616 0.24759615384615385 0.3125
1 0.53125 0.8497596153846154 0.24519230769230768 0.2956730769230769
1 0.2848557692307692 0.7908653846153846 0.22355769230769232 0.3269230769230769
1 0.08413461538461539 0.8461538461538461 0.16826923076923078 0.20673076923076922
1 0.10697115384615384 0.6586538461538461 0.1971153846153846 0.25
1 0.27524038461538464 0.6009615384615384 0.16826923076923078 0.24759615384615385
1 0.5120192307692307 0.6550480769230769 0.15625 0.20432692307692307
1 0.6442307692307693 0.6225961538461539 0.19951923076923078 0.23557692307692307
1 0.44711538461538464 0.26322115384615385 0.19471153846153846 0.15144230769230768
1 0.4723557692307692 0.1778846153846154 0.1201923076923077 0.07932692307692307
1 0.3317307692307692 0.23317307692307693 0.11057692307692307 0.11298076923076923
1 0.30408653846153844 0.15625 0.11538461538461539 0.09615384615384616
1 0.3786057692307692 0.037259615384615384 0.036057692307692304 0.052884615384615384
2 0.7103365384615384 0.9050480769230769 0.11778846153846154 0.18509615384615385
2 0.4026442307692308 0.6550480769230769 0.09615384615384616 0.2403846153846154
2 0.39663461538461536 0.5564903846153846 0.08173076923076923 0.21153846153846154
2 0.18389423076923078 0.4519230769230769 0.07932692307692307 0.19230769230769232
2 0.21634615384615385 0.40865384615384615 0.0673076923076923 0.16105769230769232
0 0.5132211538461539 0.13581730769230768 0.1875 0.13942307692307693