1 0.7319711538461539 0.671875 0.1658653846153846 0.27884615384615385
1 0.3125 0.8653846153846154 0.23557692307692307 0.2644230769230769
1 0.11057692307692307 0.8197115384615384 0.18028846153846154 0.2980769230769231
1 0.31971153846153844 0.6358173076923077 0.17548076923076922 0.21875
1 0.8461538461538461 0.056490384615384616 0.0889423076923077 0.07451923076923077
1 0.6586538461538461 0.030048076923076924 0.04807692307692308 0.06009615384615385
1 0.5757211538461539 0.07091346153846154 0.04567307692307692 0.06009615384615385
1 0.5324519230769231 0.08533653846153846 0.0673076923076923 0.0673076923076923
1 0.49278846153846156 0.125 0.09615384615384616 0.07932692307692307
1 0.2668269230769231 0.14903846153846154 0.040865384615384616 0.09615384615384616
1 0.36658653846153844 0.1201923076923077 0.08173076923076923 0.07211538461538461
1 0.34375 0.25 0.1466346153846154 0.13701923076923078
2 0.859375 0.5264423076923077 0.08173076923076923 0.21634615384615385
2 0.4230769230769231 0.6466346153846154 0.05048076923076923 0.22355769230769232
2 0.25 0.5036057692307693 0.057692307692307696 0.19230769230769232
2 0.20793269230769232 0.5901442307692307 0.052884615384615384 0.1875
2 0.34975961538461536 0.33052884615384615 0.038461538461538464 0.14903846153846154
2 0.375 0.13221153846153846 0.038461538461538464 0.06971153846153846
3 0.5300480769230769 0.03125 0.040865384615384616 0.0625
3 0.5264423076923077 0.7235576923076923 0.17307692307692307 0.4375