1 0.15865384615384615 0.7199519230769231 0.18269230769230768 0.31009615384615385
1 0.59375 0.8882211538461539 0.24519230769230768 0.21875
1 0.8112980769230769 0.8605769230769231 0.19471153846153846 0.27403846153846156
1 0.5961538461538461 0.6899038461538461 0.18269230769230768 0.25
1 0.06129807692307692 0.06370192307692307 0.08413461538461539 0.08413461538461539
1 0.24639423076923078 0.036057692307692304 0.05048076923076923 0.07211538461538461
1 0.3449519230769231 0.09014423076923077 0.057692307692307696 0.06490384615384616
1 0.40024038461538464 0.11057692307692307 0.08653846153846154 0.07932692307692307
1 0.46875 0.15384615384615385 0.11057692307692307 0.09134615384615384
1 0.5733173076923077 0.140625 0.0889423076923077 0.07692307692307693
1 0.4519230769230769 0.09975961538461539 0.055288461538461536 0.04567307692307692
1 0.6430288461538461 0.29086538461538464 0.0673076923076923 0.14182692307692307
2 0.039663461538461536 0.5552884615384616 0.07932692307692307 0.23076923076923078
2 0.484375 0.703125 0.057692307692307696 0.25240384615384615
2 0.6754807692307693 0.5432692307692307 0.0673076923076923 0.19951923076923078
2 0.7139423076923077 0.6466346153846154 0.07211538461538461 0.21634615384615385
2 0.9555288461538461 0.9519230769230769 0.04567307692307692 0.09134615384615384
2 0.5949519230769231 0.1658653846153846 0.04807692307692308 0.07211538461538461
3 0.375 0.7668269230769231 0.1875 0.45913461538461536
3 0.37740384615384615 0.04807692307692308 0.04807692307692308 0.07211538461538461