1 0.7463942307692307 0.7632211538461539 0.17307692307692307 0.28125
1 0.33052884615384615 0.8774038461538461 0.23317307692307693 0.23317307692307693
1 0.3545673076923077 0.6790865384615384 0.18028846153846154 0.21875
1 0.14423076923076922 0.8257211538461539 0.20192307692307693 0.2980769230769231
1 0.9266826923076923 0.1875 0.08653846153846154 0.07211538461538461
1 0.7548076923076923 0.13581730769230768 0.04567307692307692 0.06009615384615385
1 0.6466346153846154 0.18389423076923078 0.06490384615384616 0.06971153846153846
1 0.6802884615384616 0.15384615384615385 0.040865384615384616 0.055288461538461536
1 0.5817307692307693 0.19471153846153846 0.07932692307692307 0.07932692307692307
1 0.4543269230769231 0.2283653846153846 0.11057692307692307 0.08653846153846154
1 0.41586538461538464 0.19591346153846154 0.08173076923076923 0.07451923076923077
1 0.5180288461538461 0.1201923076923077 0.028846153846153848 0.04326923076923077
2 0.8810096153846154 0.6370192307692307 0.08173076923076923 0.20673076923076922
2 0.46033653846153844 0.6983173076923077 0.057692307692307696 0.22355769230769232
2 0.2620192307692308 0.6322115384615384 0.0673076923076923 0.21153846153846154
2 0.013221153846153846 0.8918269230769231 0.026442307692307692 0.1346153846153846
2 0.3076923076923077 0.5408653846153846 0.06490384615384616 0.17548076923076922
2 0.4230769230769231 0.38221153846153844 0.04326923076923077 0.12980769230769232
2 0.5384615384615384 0.19110576923076922 0.026442307692307692 0.0673076923076923
3 0.6454326923076923 0.1346153846153846 0.038461538461538464 0.06009615384615385
3 0.5456730769230769 0.7764423076923077 0.18990384615384615 0.4182692307692308