1 0.6706730769230769 0.8737980769230769 0.14903846153846154 0.23317307692307693
1 0.53125 0.8353365384615384 0.14903846153846154 0.2548076923076923
1 0.45552884615384615 0.9747596153846154 0.18028846153846154 0.04567307692307692
1 0.3004807692307692 0.6911057692307693 0.11298076923076923 0.18509615384615385
1 0.4963942307692308 0.4387019230769231 0.15865384615384615 0.09615384615384616
1 0.34375 0.42427884615384615 0.14423076923076922 0.0889423076923077
1 0.27403846153846156 0.3449519230769231 0.08413461538461539 0.06490384615384616
1 0.15625 0.4411057692307692 0.11298076923076923 0.12740384615384615
1 0.4987980769230769 0.24519230769230768 0.036057692307692304 0.04567307692307692
1 0.4254807692307692 0.296875 0.052884615384615384 0.0625
1 0.44711538461538464 0.2548076923076923 0.026442307692307692 0.05048076923076923
1 0.46153846153846156 0.1935096153846154 0.016826923076923076 0.026442307692307692
1 0.4987980769230769 0.21514423076923078 0.028846153846153848 0.04326923076923077
2 0.9266826923076923 0.9002403846153846 0.04567307692307692 0.18269230769230768
2 0.7259615384615384 0.6658653846153846 0.06009615384615385 0.15144230769230768
2 0.6129807692307693 0.6358173076923077 0.057692307692307696 0.16826923076923078
2 0.5600961538461539 0.46634615384615385 0.07692307692307693 0.11298076923076923
2 0.34615384615384615 0.5168269230769231 0.05048076923076923 0.1466346153846154
2 0.22956730769230768 0.5961538461538461 0.036057692307692304 0.13942307692307693
2 0.46033653846153844 0.3161057692307692 0.02403846153846154 0.055288461538461536
2 0.47596153846153844 0.27403846153846156 0.019230769230769232 0.05048076923076923
3 0.8305288461538461 0.8725961538461539 0.1658653846153846 0.24278846153846154
3 0.1971153846153846 0.8317307692307693 0.16346153846153846 0.3317307692307692