1 0.7427884615384616 0.8173076923076923 0.18028846153846154 0.24519230769230768
1 0.6021634615384616 0.8064903846153846 0.1875 0.2692307692307692
1 0.5504807692307693 0.953125 0.19230769230769232 0.0889423076923077
1 0.3545673076923077 0.7235576923076923 0.1466346153846154 0.18990384615384615
1 0.7259615384615384 0.38221153846153844 0.11538461538461539 0.0985576923076923
1 0.5348557692307693 0.39302884615384615 0.13701923076923078 0.11057692307692307
1 0.3713942307692308 0.3317307692307692 0.08173076923076923 0.07932692307692307
1 0.2776442307692308 0.46875 0.17067307692307693 0.13221153846153846
1 0.4879807692307692 0.25240384615384615 0.04567307692307692 0.0625
1 0.4362980769230769 0.2704326923076923 0.04567307692307692 0.0673076923076923
1 0.49399038461538464 0.22355769230769232 0.038461538461538464 0.04807692307692308
1 0.4495192307692308 0.19951923076923078 0.026442307692307692 0.036057692307692304
1 0.4795673076923077 0.1622596153846154 0.016826923076923076 0.03125
2 0.9819711538461539 0.8149038461538461 0.03125 0.22115384615384615
2 0.6526442307692307 0.5985576923076923 0.0889423076923077 0.17307692307692307
2 0.7740384615384616 0.6105769230769231 0.08173076923076923 0.16105769230769232
2 0.5757211538461539 0.421875 0.07932692307692307 0.11538461538461539
2 0.6514423076923077 0.4050480769230769 0.08173076923076923 0.11298076923076923
2 0.3918269230769231 0.5276442307692307 0.055288461538461536 0.12980769230769232
2 0.3762019230769231 0.4987980769230769 0.06009615384615385 0.12259615384615384
2 0.45072115384615385 0.2956730769230769 0.026442307692307692 0.06009615384615385
3 0.9002403846153846 0.8149038461538461 0.19471153846153846 0.27403846153846156
3 0.28125 0.8329326923076923 0.21634615384615385 0.3293269230769231