1 0.7079326923076923 0.7331730769230769 0.15865384615384615 0.2956730769230769
1 0.31009615384615385 0.7007211538461539 0.16346153846153846 0.23317307692307693
1 0.30528846153846156 0.8894230769230769 0.22115384615384615 0.21634615384615385
1 0.11538461538461539 0.8605769230769231 0.18269230769230768 0.2620192307692308
1 0.609375 0.3112980769230769 0.20192307692307693 0.12740384615384615
1 0.37259615384615385 0.21754807692307693 0.10096153846153846 0.08173076923076923
1 0.8149038461538461 0.13341346153846154 0.08413461538461539 0.07451923076923077
1 0.6502403846153846 0.12860576923076922 0.0673076923076923 0.06009615384615385
1 0.6334134615384616 0.09975961538461539 0.038461538461538464 0.04807692307692308
1 0.5600961538461539 0.12980769230769232 0.04567307692307692 0.052884615384615384
1 0.5576923076923077 0.15144230769230768 0.03365384615384615 0.0673076923076923
1 0.41466346153846156 0.1201923076923077 0.038461538461538464 0.04326923076923077
1 0.3713942307692308 0.1814903846153846 0.08413461538461539 0.052884615384615384
1 0.44350961538461536 0.10096153846153846 0.03125 0.040865384615384616
2 0.8810096153846154 0.6887019230769231 0.07451923076923077 0.23557692307692307
2 0.6370192307692307 0.578125 0.11298076923076923 0.17067307692307693
2 0.44711538461538464 0.49399038461538464 0.0625 0.15625
2 0.41225961538461536 0.703125 0.04326923076923077 0.22115384615384615
2 0.21394230769230768 0.6502403846153846 0.06490384615384616 0.18990384615384615
2 0.5252403846153846 0.1141826923076923 0.014423076923076924 0.04807692307692308
2 0.2764423076923077 0.21875 0.04567307692307692 0.08173076923076923
3 0.5060096153846154 0.7704326923076923 0.16346153846153846 0.4206730769230769
3 0.46875 0.171875 0.06490384615384616 0.10576923076923077