1 0.5985576923076923 0.8641826923076923 0.16105769230769232 0.2668269230769231
1 0.3858173076923077 0.9110576923076923 0.18028846153846154 0.17307692307692307
1 0.25841346153846156 0.6346153846153846 0.14903846153846154 0.19471153846153846
1 0.15144230769230768 0.375 0.12980769230769232 0.11778846153846154
1 0.010817307692307692 0.28125 0.021634615384615384 0.09134615384615384
1 0.5372596153846154 0.1466346153846154 0.04567307692307692 0.06490384615384616
2 0.7487980769230769 0.8822115384615384 0.06971153846153846 0.22115384615384615
2 0.6971153846153846 0.6899038461538461 0.055288461538461536 0.2091346153846154
2 0.3894230769230769 0.5721153846153846 0.052884615384615384 0.18990384615384615
2 0.33653846153846156 0.7548076923076923 0.0625 0.18028846153846154
2 0.171875 0.8870192307692307 0.08413461538461539 0.22115384615384615
3 0.5588942307692307 0.3581730769230769 0.22355769230769232 0.1971153846153846
3 0.1971153846153846 0.25240384615384615 0.0985576923076923 0.13701923076923078