1 0.09014423076923077 0.28966346153846156 0.15384615384615385 0.11778846153846154
1 0.5384615384615384 0.78125 0.1971153846153846 0.31009615384615385
1 0.5084134615384616 0.9302884615384616 0.2091346153846154 0.1346153846153846
1 0.6117788461538461 0.5168269230769231 0.14423076923076922 0.2091346153846154
1 0.7548076923076923 0.6706730769230769 0.18028846153846154 0.2668269230769231
1 0.8401442307692307 0.8689903846153846 0.2644230769230769 0.21634615384615385
1 0.009615384615384616 0.19230769230769232 0.019230769230769232 0.08173076923076923
1 0.35096153846153844 0.06009615384615385 0.02403846153846154 0.038461538461538464
2 0.14903846153846154 0.7788461538461539 0.0889423076923077 0.2692307692307692
2 0.4182692307692308 0.4795673076923077 0.07932692307692307 0.17548076923076922
2 0.7716346153846154 0.35216346153846156 0.06009615384615385 0.16105769230769232