1 0.34134615384615385 0.6358173076923077 0.1971153846153846 0.3269230769230769
1 0.3713942307692308 0.8545673076923077 0.22115384615384615 0.28365384615384615
1 0.11658653846153846 0.5240384615384616 0.1778846153846154 0.2860576923076923
1 0.08653846153846154 0.8004807692307693 0.17307692307692307 0.35096153846153844
1 0.25721153846153844 0.36177884615384615 0.14903846153846154 0.21153846153846154
1 0.9747596153846154 0.08413461538461539 0.04567307692307692 0.10576923076923077
1 0.8353365384615384 0.11057692307692307 0.16346153846153846 0.11778846153846154
1 0.984375 0.0673076923076923 0.026442307692307692 0.07211538461538461
1 0.9350961538461539 0.038461538461538464 0.07211538461538461 0.02403846153846154
2 0.7427884615384616 0.6009615384615384 0.08173076923076923 0.2764423076923077
2 0.4206730769230769 0.29447115384615385 0.07451923076923077 0.18269230769230768
2 0.0673076923076923 0.25 0.055288461538461536 0.16105769230769232