1 0.7512019230769231 0.8894230769230769 0.17548076923076922 0.18990384615384615
1 0.6069711538461539 0.8762019230769231 0.17067307692307693 0.23798076923076922
1 0.6610576923076923 0.44711538461538464 0.1466346153846154 0.11778846153846154
1 0.3545673076923077 0.7764423076923077 0.13942307692307693 0.19951923076923078
1 0.3701923076923077 0.5072115384615384 0.1778846153846154 0.12740384615384615
1 0.20793269230769232 0.5024038461538461 0.15384615384615385 0.10817307692307693
1 0.5300480769230769 0.28846153846153844 0.038461538461538464 0.052884615384615384
1 0.47836538461538464 0.3088942307692308 0.040865384615384616 0.06490384615384616
1 0.4254807692307692 0.3641826923076923 0.07451923076923077 0.07451923076923077
1 0.5348557692307693 0.26322115384615385 0.036057692307692304 0.055288461538461536
1 0.49158653846153844 0.23677884615384615 0.021634615384615384 0.038461538461538464
2 0.8028846153846154 0.6983173076923077 0.07932692307692307 0.16826923076923078
2 0.6790865384615384 0.6862980769230769 0.07692307692307693 0.18028846153846154
2 0.7884615384615384 0.46634615384615385 0.07692307692307693 0.11538461538461539
2 0.7115384615384616 0.4807692307692308 0.07692307692307693 0.11298076923076923
2 0.4338942307692308 0.5204326923076923 0.08413461538461539 0.11538461538461539
2 0.49759615384615385 0.3317307692307692 0.028846153846153848 0.06490384615384616
2 0.42908653846153844 0.3786057692307692 0.038461538461538464 0.07211538461538461
3 0.9134615384615384 0.8762019230769231 0.16826923076923078 0.18990384615384615
3 0.2668269230769231 0.8665865384615384 0.1875 0.2620192307692308