1 0.3112980769230769 0.9326923076923077 0.1875 0.11298076923076923
1 0.47115384615384615 0.9194711538461539 0.19230769230769232 0.15625
1 0.7536057692307693 0.8617788461538461 0.16346153846153846 0.23317307692307693
1 0.30649038461538464 0.49158653846153844 0.1658653846153846 0.12980769230769232
1 0.6430288461538461 0.5576923076923077 0.20192307692307693 0.13701923076923078
1 0.8269230769230769 0.5564903846153846 0.1875 0.12740384615384615
1 0.6574519230769231 0.3954326923076923 0.07932692307692307 0.08413461538461539
1 0.5637019230769231 0.3125 0.040865384615384616 0.057692307692307696
1 0.6213942307692307 0.3329326923076923 0.04567307692307692 0.0673076923076923
1 0.6105769230769231 0.25721153846153844 0.028846153846153848 0.05048076923076923
2 0.25 0.7668269230769231 0.0889423076923077 0.18990384615384615
2 0.39302884615384615 0.7560096153846154 0.09615384615384616 0.2091346153846154
2 0.24158653846153846 0.5228365384615384 0.09134615384615384 0.125
2 0.5661057692307693 0.5733173076923077 0.10096153846153846 0.1466346153846154
2 0.7007211538461539 0.6670673076923077 0.055288461538461536 0.13221153846153846
2 0.5889423076923077 0.3545673076923077 0.028846153846153848 0.07451923076923077
2 0.6346153846153846 0.40384615384615385 0.03125 0.07692307692307693
3 0.1201923076923077 0.9158653846153846 0.19951923076923078 0.10817307692307693
3 0.8629807692307693 0.90625 0.20673076923076922 0.18269230769230768