1 0.25 0.8497596153846154 0.25961538461538464 0.2956730769230769
1 0.4387019230769231 0.8629807692307693 0.25240384615384615 0.2692307692307692
1 0.3245192307692308 0.6502403846153846 0.21394230769230768 0.2548076923076923
1 0.45913461538461536 0.6826923076923077 0.15865384615384615 0.2091346153846154
1 0.6923076923076923 0.8221153846153846 0.22596153846153846 0.3269230769230769
1 0.9074519230769231 0.8677884615384616 0.18028846153846154 0.1778846153846154
1 0.8810096153846154 0.6947115384615384 0.20432692307692307 0.27163461538461536
1 0.7091346153846154 0.6286057692307693 0.17067307692307693 0.2548076923076923
1 0.7896634615384616 0.2091346153846154 0.15865384615384615 0.12980769230769232
1 0.6959134615384616 0.171875 0.10096153846153846 0.10817307692307693
1 0.7608173076923077 0.1201923076923077 0.11538461538461539 0.10336538461538461
1 0.3245192307692308 0.32211538461538464 0.09615384615384616 0.13221153846153846
1 0.609375 0.025240384615384616 0.03125 0.04326923076923077
2 0.24759615384615385 0.9206730769230769 0.11538461538461539 0.15384615384615385
2 0.5733173076923077 0.6454326923076923 0.09375 0.23798076923076922
2 0.578125 0.5492788461538461 0.07692307692307693 0.18509615384615385
2 0.8052884615384616 0.47596153846153844 0.08653846153846154 0.20432692307692307
2 0.7776442307692307 0.4254807692307692 0.06971153846153846 0.17067307692307693
2 0.5889423076923077 0.21995192307692307 0.06971153846153846 0.10336538461538461
2 0.6213942307692307 0.1502403846153846 0.052884615384615384 0.09134615384615384
0 0.4675480769230769 0.14182692307692307 0.2091346153846154 0.16105769230769232