1 0.6610576923076923 0.8725961538461539 0.17067307692307693 0.24519230769230768
1 0.5240384615384616 0.8269230769230769 0.16105769230769232 0.2644230769230769
1 0.4411057692307692 0.9651442307692307 0.18509615384615385 0.06490384615384616
1 0.3137019230769231 0.6502403846153846 0.13942307692307693 0.1875
1 0.6129807692307693 0.4411057692307692 0.16346153846153846 0.11298076923076923
1 0.46153846153846156 0.40625 0.15865384615384615 0.11057692307692307
1 0.25 0.4074519230769231 0.1466346153846154 0.10096153846153846
1 0.171875 0.30288461538461536 0.08653846153846154 0.0985576923076923
1 0.3581730769230769 0.30649038461538464 0.07932692307692307 0.07451923076923077
1 0.4807692307692308 0.27283653846153844 0.04807692307692308 0.06009615384615385
1 0.546875 0.22115384615384615 0.03125 0.040865384615384616
1 0.49278846153846156 0.2247596153846154 0.026442307692307692 0.04807692307692308
1 0.5120192307692307 0.17307692307692307 0.019230769230769232 0.03365384615384615
1 0.5564903846153846 0.14543269230769232 0.016826923076923076 0.026442307692307692
1 0.5288461538461539 0.15504807692307693 0.019230769230769232 0.026442307692307692
2 0.9242788461538461 0.9122596153846154 0.05048076923076923 0.17067307692307693
2 0.6225961538461539 0.6322115384615384 0.0625 0.16826923076923078
2 0.37259615384615385 0.5072115384615384 0.04567307692307692 0.1201923076923077
2 0.6730769230769231 0.4723557692307692 0.08413461538461539 0.11538461538461539
2 0.23918269230769232 0.5685096153846154 0.04326923076923077 0.12980769230769232
2 0.5252403846153846 0.2764423076923077 0.019230769230769232 0.0673076923076923
3 0.8245192307692307 0.8810096153846154 0.1875 0.23317307692307693
3 0.19110576923076922 0.8040865384615384 0.18028846153846154 0.3581730769230769