1 0.7439903846153846 0.8245192307692307 0.1658653846153846 0.23798076923076922
1 0.6129807692307693 0.8112980769230769 0.17548076923076922 0.25240384615384615
1 0.5637019230769231 0.9543269230769231 0.17548076923076922 0.08653846153846154
1 0.390625 0.6730769230769231 0.1346153846153846 0.17548076923076922
1 0.75 0.4026442307692308 0.10096153846153846 0.10096153846153846
1 0.5673076923076923 0.4495192307692308 0.13942307692307693 0.1201923076923077
1 0.33774038461538464 0.3798076923076923 0.10336538461538461 0.08413461538461539
1 0.43509615384615385 0.34134615384615385 0.05048076923076923 0.0625
1 0.46033653846153844 0.30288461538461536 0.040865384615384616 0.055288461538461536
1 0.45072115384615385 0.2644230769230769 0.028846153846153848 0.04326923076923077
1 0.453125 0.22115384615384615 0.019230769230769232 0.03125
1 0.49759615384615385 0.25721153846153844 0.028846153846153848 0.04326923076923077
1 0.4831730769230769 0.19471153846153846 0.016826923076923076 0.016826923076923076
2 0.9759615384615384 0.8221153846153846 0.04326923076923077 0.1971153846153846
2 0.7668269230769231 0.6213942307692307 0.07932692307692307 0.15384615384615385
2 0.6538461538461539 0.6177884615384616 0.09134615384615384 0.16105769230769232
2 0.40865384615384615 0.5625 0.055288461538461536 0.125
2 0.39302884615384615 0.5276442307692307 0.0625 0.11057692307692307
2 0.29927884615384615 0.6466346153846154 0.05048076923076923 0.11298076923076923
2 0.5204326923076923 0.2920673076923077 0.019230769230769232 0.05048076923076923
2 0.4891826923076923 0.2860576923076923 0.016826923076923076 0.040865384615384616
2 0.5132211538461539 0.2439903846153846 0.019230769230769232 0.038461538461538464
3 0.8930288461538461 0.8125 0.19230769230769232 0.2668269230769231
3 0.3125 0.8449519230769231 0.20673076923076922 0.30528846153846156