1 0.46274038461538464 0.7163461538461539 0.15865384615384615 0.27403846153846156
1 0.5072115384615384 0.8894230769230769 0.18269230769230768 0.21634615384615385
1 0.2608173076923077 0.6418269230769231 0.14423076923076922 0.2403846153846154
1 0.21394230769230768 0.8653846153846154 0.23076923076923078 0.2644230769230769
1 0.36658653846153844 0.49158653846153844 0.1201923076923077 0.1778846153846154
1 0.9615384615384616 0.1875 0.052884615384615384 0.0889423076923077
1 0.8353365384615384 0.22596153846153846 0.13701923076923078 0.09615384615384616
1 0.9675480769230769 0.15384615384615385 0.04326923076923077 0.09615384615384616
1 0.9134615384615384 0.13581730769230768 0.06009615384615385 0.055288461538461536
1 0.8798076923076923 0.12740384615384615 0.055288461538461536 0.055288461538461536
2 0.8016826923076923 0.6514423076923077 0.0625 0.23557692307692307
2 0.5 0.4206730769230769 0.057692307692307696 0.15384615384615385
2 0.1935096153846154 0.41466346153846156 0.04326923076923077 0.13701923076923078