1 0.18269230769230768 0.7632211538461539 0.2668269230769231 0.3317307692307692
1 0.35216346153846156 0.8389423076923077 0.2620192307692308 0.31009615384615385
1 0.6141826923076923 0.8449519230769231 0.23798076923076922 0.30528846153846156
1 0.8209134615384616 0.9447115384615384 0.22355769230769232 0.10576923076923077
1 0.8353365384615384 0.7956730769230769 0.20673076923076922 0.2644230769230769
1 0.6899038461538461 0.6790865384615384 0.17548076923076922 0.24759615384615385
1 0.43509615384615385 0.6574519230769231 0.16346153846153846 0.21394230769230768
1 0.3161057692307692 0.5793269230769231 0.21153846153846154 0.2548076923076923
1 0.7752403846153846 0.1045673076923077 0.04567307692307692 0.040865384615384616
1 0.921875 0.21634615384615385 0.07692307692307693 0.08173076923076923
2 0.15144230769230768 0.8449519230769231 0.125 0.2091346153846154
2 0.7139423076923077 0.49759615384615385 0.0889423076923077 0.13942307692307693
2 0.7403846153846154 0.47115384615384615 0.09375 0.14903846153846154
2 0.8329326923076923 0.5673076923076923 0.08173076923076923 0.19951923076923078
2 0.8137019230769231 0.5108173076923077 0.0673076923076923 0.17548076923076922
2 0.9615384615384616 0.38461538461538464 0.07211538461538461 0.12980769230769232
0 0.6382211538461539 0.2512019230769231 0.5264423076923077 0.35096153846153844