1 0.8870192307692307 0.7007211538461539 0.22115384615384615 0.31009615384615385
1 0.6706730769230769 0.4807692307692308 0.14903846153846154 0.20432692307692307
1 0.6983173076923077 0.7403846153846154 0.18269230769230768 0.4326923076923077
1 0.4206730769230769 0.47115384615384615 0.14182692307692307 0.14903846153846154
1 0.3425480769230769 0.6754807692307693 0.15865384615384615 0.28846153846153844
1 0.16706730769230768 0.9110576923076923 0.29086538461538464 0.17307692307692307
1 0.2980769230769231 0.4519230769230769 0.14903846153846154 0.1971153846153846
1 0.37740384615384615 0.22956730769230768 0.10576923076923077 0.1346153846153846
1 0.31490384615384615 0.078125 0.07211538461538461 0.07211538461538461
2 0.5889423076923077 0.028846153846153848 0.02403846153846154 0.057692307692307696
2 0.6430288461538461 0.02283653846153846 0.021634615384615384 0.04567307692307692
2 0.23677884615384615 0.5925480769230769 0.0673076923076923 0.2692307692307692
2 0.040865384615384616 0.8822115384615384 0.04807692307692308 0.23076923076923078
0 0.030048076923076924 0.11658653846153846 0.06009615384615385 0.17548076923076922
0 0.016826923076923076 0.04447115384615385 0.03365384615384615 0.026442307692307692
3 0.4831730769230769 0.7572115384615384 0.2403846153846154 0.4807692307692308