1 0.71875 0.6814903846153846 0.1778846153846154 0.32211538461538464
1 0.24639423076923078 0.8641826923076923 0.24519230769230768 0.2668269230769231
1 0.0625 0.8233173076923077 0.1201923076923077 0.34615384615384615
1 0.2548076923076923 0.6165865384615384 0.1778846153846154 0.24759615384615385
1 0.5252403846153846 0.1814903846153846 0.18990384615384615 0.13942307692307693
1 0.8677884615384616 0.015625 0.09134615384615384 0.03125
1 0.2668269230769231 0.04927884615384615 0.09615384615384616 0.07211538461538461
1 0.4362980769230769 0.04326923076923077 0.09615384615384616 0.08173076923076923
1 0.5625 0.015625 0.04807692307692308 0.03125
1 0.4098557692307692 0.021634615384615384 0.0673076923076923 0.04326923076923077
1 0.46153846153846156 0.009615384615384616 0.038461538461538464 0.019230769230769232
2 0.8882211538461539 0.546875 0.07211538461538461 0.24519230769230768
2 0.3786057692307692 0.640625 0.040865384615384616 0.25721153846153844
2 0.39302884615384615 0.4951923076923077 0.12259615384615384 0.21875
2 0.35697115384615385 0.34134615384615385 0.04326923076923077 0.1778846153846154
2 0.14423076923076922 0.5721153846153846 0.07451923076923077 0.24519230769230768
2 0.3713942307692308 0.040865384615384616 0.036057692307692304 0.08173076923076923
2 0.32572115384615385 0.051682692307692304 0.038461538461538464 0.08173076923076923
3 0.484375 0.7175480769230769 0.1778846153846154 0.47836538461538464
3 0.5132211538461539 0.03125 0.057692307692307696 0.0625