1 0.8245192307692307 0.2608173076923077 0.13701923076923078 0.10817307692307693
1 0.9771634615384616 0.25 0.040865384615384616 0.08653846153846154
1 0.4206730769230769 0.6875 0.1778846153846154 0.27403846153846156
1 0.4411057692307692 0.8786057692307693 0.19951923076923078 0.23798076923076922
1 0.3605769230769231 0.45552884615384615 0.12980769230769232 0.1875
1 0.23317307692307693 0.5865384615384616 0.16346153846153846 0.23798076923076922
1 0.14783653846153846 0.8161057692307693 0.25 0.30528846153846156
1 0.9483173076923077 0.19230769230769232 0.055288461538461536 0.06490384615384616
1 0.9194711538461539 0.1778846153846154 0.055288461538461536 0.06971153846153846
1 0.5973557692307693 0.055288461538461536 0.021634615384615384 0.03365384615384615
2 0.7644230769230769 0.6911057692307693 0.08173076923076923 0.23798076923076922
2 0.5324519230769231 0.4254807692307692 0.07211538461538461 0.15384615384615385
2 0.22115384615384615 0.30649038461538464 0.055288461538461536 0.14182692307692307