1 0.6165865384615384 0.8100961538461539 0.1778846153846154 0.34134615384615385
1 0.4170673076923077 0.875 0.19951923076923078 0.24519230769230768
1 0.38100961538461536 0.5300480769230769 0.13701923076923078 0.17067307692307693
1 0.125 0.28966346153846156 0.125 0.11778846153846154
1 0.6514423076923077 0.19230769230769232 0.05048076923076923 0.052884615384615384
1 0.5204326923076923 0.18509615384615385 0.06009615384615385 0.06490384615384616
1 0.18028846153846154 0.11899038461538461 0.036057692307692304 0.05048076923076923
2 0.7536057692307693 0.7151442307692307 0.08173076923076923 0.19951923076923078
2 0.49278846153846156 0.49759615384615385 0.06009615384615385 0.1466346153846154
2 0.3473557692307692 0.7584134615384616 0.10096153846153846 0.2403846153846154
2 0.16466346153846154 0.84375 0.11298076923076923 0.22355769230769232
2 0.6550480769230769 0.3605769230769231 0.07211538461538461 0.09375
2 0.7115384615384616 0.16105769230769232 0.01201923076923077 0.03125
3 0.38341346153846156 0.33052884615384615 0.20432692307692307 0.19471153846153846
3 0.23197115384615385 0.21153846153846154 0.11057692307692307 0.1201923076923077
3 0.13221153846153846 0.08413461538461539 0.06490384615384616 0.10576923076923077