1 0.6298076923076923 0.8353365384615384 0.14903846153846154 0.3245192307692308
1 0.4543269230769231 0.8100961538461539 0.14903846153846154 0.28846153846153844
1 0.34134615384615385 0.5697115384615384 0.13221153846153846 0.17067307692307693
1 0.5012019230769231 0.1875 0.04326923076923077 0.0625
1 0.6213942307692307 0.13581730769230768 0.028846153846153848 0.04567307692307692
1 0.4338942307692308 0.1935096153846154 0.057692307692307696 0.06009615384615385
2 0.6382211538461539 0.5300480769230769 0.04567307692307692 0.15865384615384615
2 0.5673076923076923 0.5516826923076923 0.04567307692307692 0.15865384615384615
2 0.5096153846153846 0.5180288461538461 0.04807692307692308 0.16105769230769232
2 0.45552884615384615 0.5276442307692307 0.055288461538461536 0.16826923076923078
2 0.4723557692307692 0.2091346153846154 0.026442307692307692 0.055288461538461536
3 0.06971153846153846 0.2668269230769231 0.12740384615384615 0.18509615384615385
3 0.030048076923076924 0.12620192307692307 0.036057692307692304 0.10096153846153846
3 0.5480769230769231 0.18629807692307693 0.0625 0.09375