1 0.6899038461538461 0.859375 0.14182692307692307 0.2283653846153846
1 0.5564903846153846 0.8185096153846154 0.13701923076923078 0.23798076923076922
1 0.4795673076923077 0.9639423076923077 0.17548076923076922 0.0673076923076923
1 0.3545673076923077 0.6262019230769231 0.11298076923076923 0.16105769230769232
1 0.625 0.44591346153846156 0.13701923076923078 0.09615384615384616
1 0.3786057692307692 0.328125 0.09615384615384616 0.07692307692307693
1 0.5492788461538461 0.23317307692307693 0.02403846153846154 0.038461538461538464
1 0.5012019230769231 0.2704326923076923 0.028846153846153848 0.04567307692307692
1 0.47836538461538464 0.30528846153846156 0.04326923076923077 0.06009615384615385
1 0.5012019230769231 0.22956730769230768 0.02403846153846154 0.03365384615384615
1 0.5504807692307693 0.16947115384615385 0.014423076923076924 0.02403846153846154
1 0.5120192307692307 0.18629807692307693 0.014423076923076924 0.021634615384615384
2 0.9362980769230769 0.9014423076923077 0.05048076923076923 0.19230769230769232
2 0.75 0.6574519230769231 0.055288461538461536 0.15625
2 0.6370192307692307 0.6298076923076923 0.06009615384615385 0.16346153846153846
2 0.40024038461538464 0.5096153846153846 0.036057692307692304 0.11298076923076923
2 0.38461538461538464 0.484375 0.04567307692307692 0.10336538461538461
2 0.27163461538461536 0.5901442307692307 0.036057692307692304 0.12259615384615384
2 0.5697115384615384 0.2692307692307692 0.014423076923076924 0.055288461538461536
2 0.5324519230769231 0.2620192307692308 0.016826923076923076 0.04807692307692308
3 0.8473557692307693 0.8762019230769231 0.1658653846153846 0.24278846153846154
3 0.23798076923076922 0.8221153846153846 0.16105769230769232 0.34375