1 0.4206730769230769 0.8173076923076923 0.19230769230769232 0.3605769230769231
1 0.6310096153846154 0.8485576923076923 0.1971153846153846 0.29086538461538464
1 0.7139423076923077 0.5108173076923077 0.15865384615384615 0.19951923076923078
1 0.7848557692307693 0.24759615384615385 0.13701923076923078 0.125
1 0.9326923076923077 0.13822115384615385 0.06971153846153846 0.09134615384615384
1 0.3870192307692308 0.07451923076923077 0.05048076923076923 0.0673076923076923
2 0.27524038461538464 0.8401442307692307 0.09134615384615384 0.28365384615384615
2 0.2980769230769231 0.6165865384615384 0.06971153846153846 0.20673076923076922
2 0.5793269230769231 0.46634615384615385 0.0673076923076923 0.1875
2 0.6538461538461539 0.6370192307692307 0.07692307692307693 0.18028846153846154
2 0.8317307692307693 0.7740384615384616 0.10096153846153846 0.27884615384615385
3 0.390625 0.2800480769230769 0.23317307692307693 0.2091346153846154
3 0.7271634615384616 0.13581730769230768 0.10817307692307693 0.13942307692307693