1 0.6286057692307693 0.8197115384615384 0.1658653846153846 0.3557692307692308
1 0.43149038461538464 0.8377403846153846 0.1778846153846154 0.31971153846153844
1 0.3088942307692308 0.5384615384615384 0.14423076923076922 0.19471153846153846
1 0.49759615384615385 0.2824519230769231 0.1346153846153846 0.11057692307692307
1 0.49278846153846156 0.13341346153846154 0.04567307692307692 0.057692307692307696
1 0.6141826923076923 0.07572115384615384 0.040865384615384616 0.06009615384615385
1 0.31009615384615385 0.12980769230769232 0.0625 0.07211538461538461
1 0.23677884615384615 0.16346153846153846 0.08653846153846154 0.08413461538461539
1 0.021634615384615384 0.08653846153846154 0.014423076923076924 0.0625
2 0.71875 0.6971153846153846 0.06971153846153846 0.24519230769230768
2 0.6634615384615384 0.5444711538461539 0.0625 0.17548076923076922
2 0.4423076923076923 0.5841346153846154 0.06009615384615385 0.18028846153846154
2 0.31009615384615385 0.6850961538461539 0.08173076923076923 0.23798076923076922
2 0.4387019230769231 0.47836538461538464 0.055288461538461536 0.1658653846153846