1 0.9038461538461539 0.8353365384615384 0.1875 0.25240384615384615
1 0.7019230769230769 0.6622596153846154 0.16346153846153846 0.25
1 0.703125 0.8353365384615384 0.19951923076923078 0.2980769230769231
1 0.4182692307692308 0.6298076923076923 0.16346153846153846 0.18990384615384615
1 0.3858173076923077 0.7764423076923077 0.17548076923076922 0.27884615384615385
1 0.3401442307692308 0.5805288461538461 0.13701923076923078 0.18990384615384615
1 0.5132211538461539 0.38100961538461536 0.0985576923076923 0.13221153846153846
1 0.3449519230769231 0.3016826923076923 0.08653846153846154 0.0889423076923077
1 0.234375 0.3737980769230769 0.09134615384615384 0.11538461538461539
2 0.0985576923076923 0.921875 0.11538461538461539 0.15144230769230768
2 0.5588942307692307 0.1971153846153846 0.03125 0.0673076923076923
0 0.18389423076923078 0.27163461538461536 0.1971153846153846 0.17307692307692307
0 0.0889423076923077 0.1971153846153846 0.0625 0.09134615384615384
3 0.47115384615384615 0.8533653846153846 0.2403846153846154 0.28846153846153844