1 0.43149038461538464 0.6935096153846154 0.17067307692307693 0.28125
1 0.44591346153846156 0.8762019230769231 0.19951923076923078 0.24278846153846154
1 0.37259615384615385 0.46274038461538464 0.12259615384615384 0.17548076923076922
1 0.2512019230769231 0.5865384615384616 0.15865384615384615 0.23317307692307693
1 0.1622596153846154 0.8185096153846154 0.25 0.3076923076923077
1 0.9915865384615384 0.21875 0.01201923076923077 0.07692307692307693
1 0.9447115384615384 0.29086538461538464 0.10576923076923077 0.11538461538461539
1 0.9495192307692307 0.20432692307692307 0.057692307692307696 0.06971153846153846
1 0.921875 0.19110576923076922 0.057692307692307696 0.06971153846153846
1 0.6033653846153846 0.06370192307692307 0.026442307692307692 0.04326923076923077
2 0.7668269230769231 0.6742788461538461 0.07932692307692307 0.23557692307692307
2 0.4170673076923077 0.3641826923076923 0.0625 0.125
2 0.21754807692307693 0.34615384615384615 0.052884615384615384 0.11538461538461539