1 0.17548076923076922 0.8641826923076923 0.2403846153846154 0.2668269230769231
1 0.38100961538461536 0.8449519230769231 0.1658653846153846 0.30528846153846156
1 0.359375 0.6346153846153846 0.1466346153846154 0.19471153846153846
1 0.5997596153846154 0.5877403846153846 0.1466346153846154 0.15625
1 0.6826923076923077 0.7283653846153846 0.16105769230769232 0.27884615384615385
1 0.6911057692307693 0.5372596153846154 0.1346153846153846 0.17548076923076922
1 0.5228365384615384 0.359375 0.0889423076923077 0.11778846153846154
1 0.6911057692307693 0.2512019230769231 0.07932692307692307 0.08413461538461539
1 0.6814903846153846 0.1875 0.0673076923076923 0.0625
1 0.8449519230769231 0.2848557692307692 0.08413461538461539 0.07451923076923077
1 0.8822115384615384 0.9266826923076923 0.23076923076923078 0.11298076923076923
0 0.8569711538461539 0.19831730769230768 0.20432692307692307 0.16346153846153846
0 0.8725961538461539 0.109375 0.055288461538461536 0.057692307692307696
3 0.5901442307692307 0.8197115384615384 0.21634615384615385 0.3581730769230769