1 0.7992788461538461 0.8413461538461539 0.2764423076923077 0.3125
1 0.59375 0.8713942307692307 0.25961538461538464 0.25240384615384615
1 0.28846153846153844 0.8365384615384616 0.23076923076923078 0.3125
1 0.0733173076923077 0.9230769230769231 0.1466346153846154 0.11538461538461539
1 0.08173076923076923 0.7391826923076923 0.16346153846153846 0.2860576923076923
1 0.25 0.6346153846153846 0.17067307692307693 0.27163461538461536
1 0.5444711538461539 0.6754807692307693 0.17067307692307693 0.22596153846153846
1 0.6995192307692307 0.6237980769230769 0.21634615384615385 0.2692307692307692
1 0.21153846153846154 0.18269230769230768 0.21634615384615385 0.15144230769230768
1 0.25 0.054086538461538464 0.0985576923076923 0.0985576923076923
1 0.22596153846153846 0.11057692307692307 0.07211538461538461 0.08653846153846154
1 0.42788461538461536 0.11177884615384616 0.12980769230769232 0.0889423076923077
1 0.5408653846153846 0.19230769230769232 0.16105769230769232 0.10576923076923077
2 0.8173076923076923 0.9206730769230769 0.11057692307692307 0.15384615384615385
2 0.4170673076923077 0.5913461538461539 0.08173076923076923 0.2548076923076923
2 0.35336538461538464 0.5192307692307693 0.08653846153846154 0.24759615384615385
2 0.12259615384615384 0.4795673076923077 0.07211538461538461 0.21153846153846154
2 0.15625 0.421875 0.052884615384615384 0.19230769230769232
2 0.3942307692307692 0.16466346153846154 0.07932692307692307 0.0985576923076923
2 0.28966346153846156 0.08052884615384616 0.055288461538461536 0.10096153846153846
0 0.4723557692307692 0.08533653846153846 0.22355769230769232 0.17067307692307693