1 0.24278846153846154 0.7836538461538461 0.2091346153846154 0.2620192307692308
1 0.37259615384615385 0.5697115384615384 0.13221153846153846 0.17307692307692307
1 0.4014423076923077 0.7776442307692307 0.18028846153846154 0.3557692307692308
1 0.5649038461538461 0.5132211538461539 0.12259615384615384 0.12740384615384615
1 0.6658653846153846 0.6574519230769231 0.14903846153846154 0.2403846153846154
1 0.8629807692307693 0.8389423076923077 0.2692307692307692 0.24519230769230768
1 0.65625 0.47475961538461536 0.13221153846153846 0.1658653846153846
1 0.5516826923076923 0.3161057692307692 0.09375 0.11538461538461539
1 0.5709134615384616 0.18870192307692307 0.06490384615384616 0.0625
2 0.34615384615384615 0.1971153846153846 0.019230769230769232 0.05048076923076923
2 0.30288461538461536 0.1971153846153846 0.016826923076923076 0.05048076923076923
2 0.7307692307692307 0.5733173076923077 0.07451923076923077 0.21634615384615385
2 0.9555288461538461 0.7704326923076923 0.08413461538461539 0.2283653846153846
0 0.8617788461538461 0.1466346153846154 0.1875 0.16826923076923078
0 0.8052884615384616 0.08052884615384616 0.057692307692307696 0.055288461538461536
3 0.5745192307692307 0.7620192307692307 0.2283653846153846 0.4206730769230769