1 0.6971153846153846 0.7788461538461539 0.1875 0.2932692307692308
1 0.28725961538461536 0.8665865384615384 0.23317307692307693 0.23798076923076922
1 0.32211538461538464 0.6694711538461539 0.18028846153846154 0.22596153846153846
1 0.1045673076923077 0.8052884615384616 0.20432692307692307 0.28365384615384615
1 0.9026442307692307 0.21875 0.0889423076923077 0.07692307692307693
1 0.7379807692307693 0.1622596153846154 0.04807692307692308 0.0673076923076923
1 0.6706730769230769 0.17427884615384615 0.04567307692307692 0.06009615384615385
1 0.6237980769230769 0.20192307692307693 0.06490384615384616 0.07451923076923077
1 0.5637019230769231 0.16346153846153846 0.036057692307692304 0.040865384615384616
1 0.5096153846153846 0.1346153846153846 0.028846153846153848 0.038461538461538464
1 0.5420673076923077 0.21033653846153846 0.09375 0.09134615384615384
1 0.38221153846153844 0.23918269230769232 0.11057692307692307 0.08653846153846154
1 0.3870192307692308 0.19831730769230768 0.09615384615384616 0.0673076923076923
2 0.8389423076923077 0.6550480769230769 0.09375 0.21634615384615385
2 0.41947115384615385 0.6959134615384616 0.06490384615384616 0.21875
2 0.23197115384615385 0.6129807692307693 0.08173076923076923 0.18990384615384615
2 0.27283653846153844 0.5396634615384616 0.07211538461538461 0.17548076923076922
2 0.4026442307692308 0.38822115384615385 0.052884615384615384 0.1346153846153846
2 0.5961538461538461 0.18629807692307693 0.028846153846153848 0.07451923076923077
3 0.5012019230769231 0.7788461538461539 0.20432692307692307 0.4230769230769231
3 0.640625 0.15625 0.040865384615384616 0.08173076923076923