1 0.0733173076923077 0.8064903846153846 0.1466346153846154 0.2764423076923077
1 0.265625 0.6213942307692307 0.18509615384615385 0.27403846153846156
1 0.2548076923076923 0.8088942307692307 0.22596153846153846 0.3317307692307692
1 0.5721153846153846 0.5961538461538461 0.18028846153846154 0.21153846153846154
1 0.6009615384615384 0.7560096153846154 0.19951923076923078 0.30528846153846156
1 0.6586538461538461 0.5456730769230769 0.15384615384615385 0.2091346153846154
1 0.47836538461538464 0.3233173076923077 0.11057692307692307 0.1466346153846154
1 0.6634615384615384 0.2439903846153846 0.09615384615384616 0.0985576923076923
1 0.78125 0.3269230769230769 0.10096153846153846 0.125
2 0.8954326923076923 0.9194711538461539 0.10817307692307693 0.15625
2 0.4362980769230769 0.12259615384615384 0.036057692307692304 0.07211538461538461
0 0.8401442307692307 0.21754807692307693 0.21634615384615385 0.19230769230769232
0 0.9459134615384616 0.140625 0.06971153846153846 0.10096153846153846
3 0.5072115384615384 0.8377403846153846 0.2692307692307692 0.31971153846153844