1 0.7055288461538461 0.8088942307692307 0.17548076923076922 0.24759615384615385
1 0.5697115384615384 0.7992788461538461 0.18028846153846154 0.27163461538461536
1 0.5216346153846154 0.9507211538461539 0.18269230769230768 0.09375
1 0.33533653846153844 0.6262019230769231 0.1346153846153846 0.18028846153846154
1 0.20432692307692307 0.4230769230769231 0.11057692307692307 0.11778846153846154
1 0.28846153846153844 0.44591346153846156 0.14423076923076922 0.11298076923076923
1 0.39783653846153844 0.28365384615384615 0.06490384615384616 0.07692307692307693
1 0.4266826923076923 0.25600961538461536 0.03365384615384615 0.04807692307692308
1 0.4579326923076923 0.19230769230769232 0.03125 0.04326923076923077
1 0.4074519230769231 0.19591346153846154 0.028846153846153848 0.036057692307692304
1 0.41225961538461536 0.15625 0.014423076923076924 0.019230769230769232
2 0.9651442307692307 0.8137019230769231 0.06490384615384616 0.21875
2 0.7391826923076923 0.6009615384615384 0.07932692307692307 0.16826923076923078
2 0.6213942307692307 0.5925480769230769 0.08173076923076923 0.17067307692307693
2 0.34375 0.49038461538461536 0.06009615384615385 0.0985576923076923
2 0.484375 0.21634615384615385 0.016826923076923076 0.04567307692307692
2 0.45072115384615385 0.21514423076923078 0.014423076923076924 0.03365384615384615
3 0.8689903846153846 0.8088942307692307 0.20432692307692307 0.2932692307692308
3 0.2536057692307692 0.8317307692307693 0.21875 0.3317307692307692