1 0.35216346153846156 0.8052884615384616 0.13942307692307693 0.3245192307692308
1 0.5252403846153846 0.8100961538461539 0.15144230769230768 0.2956730769230769
1 0.6298076923076923 0.5504807692307693 0.12980769230769232 0.17067307692307693
1 0.41466346153846156 0.3245192307692308 0.12259615384615384 0.11298076923076923
1 0.36177884615384615 0.14543269230769232 0.028846153846153848 0.055288461538461536
1 0.6646634615384616 0.21394230769230768 0.06971153846153846 0.06971153846153846
1 0.6117788461538461 0.1875 0.040865384615384616 0.057692307692307696
1 0.890625 0.1466346153846154 0.03125 0.05048076923076923
2 0.2848557692307692 0.6694711538461539 0.0625 0.20432692307692307
2 0.3317307692307692 0.5492788461538461 0.052884615384615384 0.16826923076923078
2 0.5096153846153846 0.5805288461538461 0.055288461538461536 0.17548076923076922
2 0.6153846153846154 0.6622596153846154 0.057692307692307696 0.1971153846153846
3 0.5576923076923077 0.2091346153846154 0.07451923076923077 0.0985576923076923
3 0.9435096153846154 0.12379807692307693 0.05048076923076923 0.10096153846153846