1 0.8473557692307693 0.6875 0.17548076923076922 0.23076923076923078
1 0.6947115384615384 0.7199519230769231 0.13221153846153846 0.3245192307692308
1 0.6682692307692307 0.5216346153846154 0.125 0.15384615384615385
1 0.4206730769230769 0.671875 0.12740384615384615 0.23557692307692307
1 0.4831730769230769 0.5048076923076923 0.10336538461538461 0.12980769230769232
1 0.3713942307692308 0.4891826923076923 0.1201923076923077 0.14903846153846154
1 0.2403846153846154 0.8978365384615384 0.30288461538461536 0.19951923076923078
1 0.39783653846153844 0.3137019230769231 0.08413461538461539 0.11057692307692307
1 0.421875 0.203125 0.06971153846153846 0.0625
1 0.20072115384615385 0.2548076923076923 0.06971153846153846 0.06971153846153846
2 0.3293269230769231 0.6141826923076923 0.052884615384615384 0.21153846153846154
2 0.1310096153846154 0.859375 0.09375 0.24759615384615385
2 0.6286057692307693 0.1466346153846154 0.019230769230769232 0.04807692307692308
2 0.6706730769230769 0.14182692307692307 0.01201923076923077 0.055288461538461536
0 0.057692307692307696 0.23076923076923078 0.11538461538461539 0.14903846153846154
0 0.11538461538461539 0.15504807692307693 0.057692307692307696 0.08413461538461539
3 0.5252403846153846 0.7512019230769231 0.18509615384615385 0.4014423076923077