1 0.21514423076923078 0.8293269230769231 0.17067307692307693 0.3004807692307692
1 0.3942307692307692 0.8485576923076923 0.1658653846153846 0.2932692307692308
1 0.546875 0.6225961538461539 0.14423076923076922 0.19471153846153846
1 0.4362980769230769 0.1935096153846154 0.052884615384615384 0.0625
1 0.5084134615384616 0.21153846153846154 0.06490384615384616 0.0625
1 0.6382211538461539 0.24639423076923078 0.057692307692307696 0.0625
1 0.8894230769230769 0.22235576923076922 0.040865384615384616 0.055288461538461536
2 0.23317307692307693 0.5456730769230769 0.06009615384615385 0.1778846153846154
2 0.3088942307692308 0.5745192307692307 0.0625 0.18509615384615385
2 0.37259615384615385 0.5516826923076923 0.057692307692307696 0.18028846153846154
2 0.43149038461538464 0.5540865384615384 0.0625 0.16826923076923078
2 0.4699519230769231 0.22115384615384615 0.02403846153846154 0.06009615384615385
3 0.9146634615384616 0.34375 0.1658653846153846 0.21634615384615385
3 0.38341346153846156 0.18870192307692307 0.06009615384615385 0.09615384615384616
3 0.9519230769230769 0.19951923076923078 0.06490384615384616 0.11778846153846154