1 0.9387019230769231 0.8762019230769231 0.11778846153846154 0.21394230769230768
1 0.7487980769230769 0.6682692307692307 0.17307692307692307 0.2620192307692308
1 0.7307692307692307 0.8605769230769231 0.1971153846153846 0.25961538461538464
1 0.4098557692307692 0.5925480769230769 0.18028846153846154 0.18509615384615385
1 0.359375 0.7740384615384616 0.19951923076923078 0.32211538461538464
1 0.33052884615384615 0.5240384615384616 0.15144230769230768 0.21875
1 0.5769230769230769 0.32091346153846156 0.11057692307692307 0.15865384615384615
1 0.39302884615384615 0.20793269230769232 0.08653846153846154 0.09375
1 0.2824519230769231 0.2920673076923077 0.09375 0.12740384615384615
2 0.24158653846153846 0.6742788461538461 0.07211538461538461 0.2692307692307692
2 0.051682692307692304 0.9074519230769231 0.06971153846153846 0.18028846153846154
2 0.4326923076923077 0.24158653846153846 0.038461538461538464 0.09615384615384616
2 0.6141826923076923 0.10576923076923077 0.021634615384615384 0.08173076923076923
2 0.6634615384615384 0.07091346153846154 0.021634615384615384 0.06490384615384616
0 0.2127403846153846 0.16346153846153846 0.21394230769230768 0.18990384615384615
0 0.078125 0.06971153846153846 0.06490384615384616 0.0985576923076923
3 0.4423076923076923 0.8774038461538461 0.28365384615384615 0.2403846153846154