1 0.19591346153846154 0.8233173076923077 0.2644230769230769 0.35096153846153844
1 0.4026442307692308 0.8497596153846154 0.2620192307692308 0.2956730769230769
1 0.6983173076923077 0.8112980769230769 0.23317307692307693 0.3605769230769231
1 0.9182692307692307 0.8858173076923077 0.15865384615384615 0.18028846153846154
1 0.9086538461538461 0.6826923076923077 0.1778846153846154 0.28365384615384615
1 0.7307692307692307 0.5865384615384616 0.17548076923076922 0.27403846153846156
1 0.44591346153846156 0.6346153846153846 0.1658653846153846 0.22596153846153846
1 0.2956730769230769 0.5877403846153846 0.21875 0.2764423076923077
1 0.7512019230769231 0.16346153846153846 0.22596153846153846 0.16346153846153846
1 0.7163461538461539 0.0625 0.14903846153846154 0.0985576923076923
1 0.9110576923076923 0.12980769230769232 0.1346153846153846 0.12740384615384615
2 0.18269230769230768 0.9014423076923077 0.11057692307692307 0.19230769230769232
2 0.5721153846153846 0.6646634615384616 0.08173076923076923 0.28125
2 0.59375 0.5492788461538461 0.08173076923076923 0.23798076923076922
2 0.8581730769230769 0.42908653846153844 0.0673076923076923 0.2283653846153846
2 0.8197115384615384 0.36899038461538464 0.057692307692307696 0.1875
2 0.6334134615384616 0.11538461538461539 0.07211538461538461 0.11298076923076923
0 0.5012019230769231 0.04447115384615385 0.21394230769230768 0.0889423076923077
1 0.546875 0.08052884615384616 0.13221153846153846 0.0889423076923077