1 0.3137019230769231 0.7836538461538461 0.1658653846153846 0.38221153846153844
1 0.5 0.7572115384615384 0.1658653846153846 0.31971153846153844
1 0.6129807692307693 0.4831730769230769 0.14182692307692307 0.18509615384615385
1 0.1502403846153846 0.25 0.1346153846153846 0.12259615384615384
1 0.3125 0.04567307692307692 0.03125 0.052884615384615384
1 0.5516826923076923 0.10697115384615384 0.052884615384615384 0.06971153846153846
1 0.6418269230769231 0.10336538461538461 0.07211538461538461 0.0673076923076923
1 0.8954326923076923 0.038461538461538464 0.040865384615384616 0.05048076923076923
2 0.30288461538461536 0.5264423076923077 0.07211538461538461 0.13701923076923078
2 0.45072115384615385 0.48677884615384615 0.055288461538461536 0.19471153846153846
2 0.49278846153846156 0.4375 0.06009615384615385 0.17548076923076922
2 0.5913461538461539 0.5673076923076923 0.055288461538461536 0.20432692307692307
2 0.47596153846153844 0.24519230769230768 0.04807692307692308 0.11538461538461539
3 0.47836538461538464 0.10096153846153846 0.07451923076923077 0.10576923076923077
3 0.9483173076923077 0.037259615384615384 0.06009615384615385 0.07451923076923077