1 0.8125 0.7584134615384616 0.2403846153846154 0.30528846153846156
1 0.6382211538461539 0.8389423076923077 0.23798076923076922 0.31490384615384615
1 0.38461538461538464 0.8269230769230769 0.21634615384615385 0.3245192307692308
1 0.15985576923076922 0.9242788461538461 0.24278846153846154 0.1466346153846154
1 0.16706730769230768 0.7512019230769231 0.18990384615384615 0.24759615384615385
1 0.6923076923076923 0.5733173076923077 0.20192307692307693 0.24759615384615385
1 0.5709134615384616 0.6394230769230769 0.15144230769230768 0.20432692307692307
1 0.32211538461538464 0.6418269230769231 0.16346153846153846 0.24278846153846154
1 0.2644230769230769 0.25721153846153844 0.15384615384615385 0.11778846153846154
1 0.22235576923076922 0.2091346153846154 0.0889423076923077 0.0985576923076923
1 0.1875 0.1658653846153846 0.10096153846153846 0.0889423076923077
1 0.07091346153846154 0.27403846153846156 0.14182692307692307 0.15384615384615385
1 0.26802884615384615 0.04567307692307692 0.03365384615384615 0.05048076923076923
2 0.8341346153846154 0.8545673076923077 0.11778846153846154 0.23076923076923078
2 0.4495192307692308 0.6165865384615384 0.09134615384615384 0.21875
2 0.4182692307692308 0.5360576923076923 0.06971153846153846 0.1971153846153846
2 0.18990384615384615 0.5228365384615384 0.0673076923076923 0.1971153846153846
2 0.2127403846153846 0.4723557692307692 0.055288461538461536 0.18028846153846154
2 0.3473557692307692 0.2283653846153846 0.057692307692307696 0.0985576923076923
2 0.28846153846153844 0.17307692307692307 0.055288461538461536 0.09134615384615384
0 0.4326923076923077 0.14182692307692307 0.19230769230769232 0.1778846153846154