1 0.19591346153846154 0.8485576923076923 0.19951923076923078 0.2980769230769231
1 0.6706730769230769 0.9326923076923077 0.25721153846153844 0.125
1 0.8978365384615384 0.8810096153846154 0.19951923076923078 0.19471153846153846
1 0.6514423076923077 0.7764423076923077 0.1971153846153846 0.2644230769230769
1 0.02403846153846154 0.1875 0.04807692307692308 0.09134615384615384
1 0.19831730769230768 0.1310096153846154 0.052884615384615384 0.07211538461538461
1 0.25841346153846156 0.15504807692307693 0.07211538461538461 0.0673076923076923
1 0.3629807692307692 0.19951923076923078 0.08653846153846154 0.0889423076923077
1 0.4519230769230769 0.13221153846153846 0.04807692307692308 0.057692307692307696
1 0.41225961538461536 0.15985576923076922 0.055288461538461536 0.06009615384615385
1 0.47836538461538464 0.19951923076923078 0.08413461538461539 0.07451923076923077
1 0.5552884615384616 0.22355769230769232 0.12259615384615384 0.0985576923076923
2 0.046875 0.7091346153846154 0.08413461538461539 0.24278846153846154
2 0.5336538461538461 0.7920673076923077 0.06490384615384616 0.25
2 0.7668269230769231 0.7079326923076923 0.09615384615384616 0.21875
2 0.5576923076923077 0.4519230769230769 0.04567307692307692 0.16105769230769232
2 0.4170673076923077 0.19471153846153846 0.03365384615384615 0.07211538461538461
3 0.3173076923076923 0.15504807692307693 0.04807692307692308 0.11298076923076923
3 0.4254807692307692 0.8209134615384616 0.20192307692307693 0.35336538461538464