1 0.6899038461538461 0.8545673076923077 0.1778846153846154 0.2860576923076923
1 0.21754807692307693 0.9615384615384616 0.25 0.07211538461538461
1 0.2283653846153846 0.8112980769230769 0.1875 0.2403846153846154
1 0.04807692307692308 0.921875 0.09375 0.15384615384615385
1 0.8413461538461539 0.18389423076923078 0.09615384615384616 0.07692307692307693
1 0.6346153846153846 0.14302884615384615 0.04807692307692308 0.07211538461538461
1 0.4987980769230769 0.2127403846153846 0.07211538461538461 0.07211538461538461
1 0.5649038461538461 0.16826923076923078 0.052884615384615384 0.0625
1 0.42908653846153844 0.18629807692307693 0.038461538461538464 0.07211538461538461
1 0.37740384615384615 0.24278846153846154 0.10576923076923077 0.09615384615384616
1 0.20192307692307693 0.25600961538461536 0.0673076923076923 0.0625
1 0.3701923076923077 0.14543269230769232 0.036057692307692304 0.04807692307692308
2 0.8377403846153846 0.7091346153846154 0.08173076923076923 0.23798076923076922
2 0.34615384615384615 0.8221153846153846 0.055288461538461536 0.2548076923076923
2 0.1141826923076923 0.7668269230769231 0.06009615384615385 0.2283653846153846
2 0.2860576923076923 0.47115384615384615 0.038461538461538464 0.15865384615384615
2 0.4579326923076923 0.20793269230769232 0.02403846153846154 0.08173076923076923
3 0.5228365384615384 0.16346153846153846 0.038461538461538464 0.09134615384615384
3 0.4579326923076923 0.8341346153846154 0.1778846153846154 0.3269230769230769