1 0.7956730769230769 0.8786057692307693 0.2620192307692308 0.2283653846153846
1 0.59375 0.9158653846153846 0.25 0.1658653846153846
1 0.29927884615384615 0.9014423076923077 0.21394230769230768 0.19230769230769232
1 0.6790865384615384 0.7103365384615384 0.2091346153846154 0.2644230769230769
1 0.5408653846153846 0.7752403846153846 0.15384615384615385 0.21875
1 0.24519230769230768 0.7680288461538461 0.17307692307692307 0.27884615384615385
1 0.08774038461538461 0.8653846153846154 0.15625 0.2644230769230769
1 0.5492788461538461 0.34615384615384615 0.20673076923076922 0.13942307692307693
1 0.4495192307692308 0.3269230769230769 0.0985576923076923 0.10576923076923077
1 0.17307692307692307 0.2512019230769231 0.1201923076923077 0.11778846153846154
1 0.05889423076923077 0.21153846153846154 0.11778846153846154 0.10096153846153846
1 0.23677884615384615 0.08052884615384616 0.03125 0.052884615384615384
2 0.8197115384615384 0.9555288461538461 0.0985576923076923 0.06490384615384616
2 0.40384615384615385 0.7728365384615384 0.06971153846153846 0.2620192307692308
2 0.3762019230769231 0.6682692307692307 0.06490384615384616 0.22596153846153846
2 0.10216346153846154 0.6165865384615384 0.07932692307692307 0.2283653846153846
2 0.12860576923076922 0.5588942307692307 0.0625 0.19230769230769232
2 0.2956730769230769 0.29086538461538464 0.06490384615384616 0.10817307692307693
0 0.41586538461538464 0.1971153846153846 0.2283653846153846 0.1875