1 0.7848557692307693 0.8858173076923077 0.24759615384615385 0.22355769230769232
1 0.5829326923076923 0.9134615384615384 0.24278846153846154 0.16826923076923078
1 0.2920673076923077 0.890625 0.2091346153846154 0.21153846153846154
1 0.08052884615384616 0.8401442307692307 0.16105769230769232 0.27163461538461536
1 0.5324519230769231 0.765625 0.15144230769230768 0.22115384615384615
1 0.6766826923076923 0.7151442307692307 0.20192307692307693 0.2644230769230769
1 0.25 0.7379807692307693 0.15865384615384615 0.25721153846153844
1 0.44591346153846156 0.33653846153846156 0.20432692307692307 0.13701923076923078
1 0.3317307692307692 0.3137019230769231 0.1201923076923077 0.1201923076923077
1 0.21033653846153846 0.23317307692307693 0.125 0.10576923076923077
1 0.056490384615384616 0.18990384615384615 0.10336538461538461 0.08173076923076923
1 0.2764423076923077 0.0829326923076923 0.036057692307692304 0.06009615384615385
2 0.8016826923076923 0.9603365384615384 0.0985576923076923 0.07451923076923077
2 0.40384615384615385 0.7752403846153846 0.08173076923076923 0.25721153846153844
2 0.37740384615384615 0.6658653846153846 0.0673076923076923 0.23317307692307693
2 0.11778846153846154 0.5889423076923077 0.0625 0.2091346153846154
2 0.1466346153846154 0.5264423076923077 0.055288461538461536 0.17548076923076922
2 0.2956730769230769 0.20552884615384615 0.06009615384615385 0.09134615384615384
0 0.44591346153846156 0.18028846153846154 0.20673076923076922 0.16826923076923078