1 0.7992788461538461 0.8990384615384616 0.1875 0.16346153846153846
1 0.6310096153846154 0.8846153846153846 0.18269230769230768 0.22115384615384615
1 0.3449519230769231 0.8221153846153846 0.16105769230769232 0.2403846153846154
1 0.7247596153846154 0.47596153846153844 0.11538461538461539 0.11778846153846154
1 0.71875 0.44350961538461536 0.11778846153846154 0.0985576923076923
1 0.484375 0.4495192307692308 0.16105769230769232 0.12980769230769232
1 0.36658653846153844 0.3629807692307692 0.09615384615384616 0.08653846153846154
1 0.4831730769230769 0.29447115384615385 0.04807692307692308 0.07211538461538461
1 0.546875 0.27283653846153844 0.04807692307692308 0.0673076923076923
1 0.5072115384615384 0.21514423076923078 0.028846153846153848 0.040865384615384616
1 0.515625 0.1814903846153846 0.019230769230769232 0.03365384615384615
1 0.5600961538461539 0.23677884615384615 0.03365384615384615 0.05048076923076923
1 0.5384615384615384 0.21995192307692307 0.021634615384615384 0.036057692307692304
1 0.5504807692307693 0.18629807692307693 0.02403846153846154 0.03365384615384615
2 0.8629807692307693 0.7079326923076923 0.057692307692307696 0.18509615384615385
2 0.71875 0.6947115384615384 0.07932692307692307 0.20192307692307693
2 0.4182692307692308 0.5925480769230769 0.04567307692307692 0.14903846153846154
2 0.6262019230769231 0.46634615384615385 0.08413461538461539 0.13221153846153846
2 0.5264423076923077 0.4891826923076923 0.08653846153846154 0.12740384615384615
2 0.390625 0.5480769230769231 0.052884615384615384 0.12259615384615384
2 0.25961538461538464 0.6454326923076923 0.06009615384615385 0.1346153846153846
2 0.4795673076923077 0.32572115384615385 0.028846153846153848 0.08413461538461539
3 0.9375 0.8870192307692307 0.1201923076923077 0.15865384615384615
3 0.24639423076923078 0.8762019230769231 0.21394230769230768 0.24278846153846154