1 0.6838942307692307 0.7620192307692307 0.17548076923076922 0.27163461538461536
1 0.2860576923076923 0.8533653846153846 0.23557692307692307 0.25961538461538464
1 0.3293269230769231 0.6598557692307693 0.17307692307692307 0.21875
1 0.1201923076923077 0.7800480769230769 0.19951923076923078 0.27163461538461536
1 0.859375 0.3762019230769231 0.13221153846153846 0.12259615384615384
1 0.4891826923076923 0.33413461538461536 0.16346153846153846 0.12980769230769232
1 0.8870192307692307 0.23557692307692307 0.08173076923076923 0.07451923076923077
1 0.7307692307692307 0.17427884615384615 0.04326923076923077 0.05048076923076923
1 0.7115384615384616 0.19951923076923078 0.0673076923076923 0.0673076923076923
1 0.6478365384615384 0.20552884615384615 0.038461538461538464 0.06009615384615385
1 0.6346153846153846 0.18509615384615385 0.04326923076923077 0.055288461538461536
1 0.5192307692307693 0.22956730769230768 0.0889423076923077 0.07932692307692307
1 0.5144230769230769 0.20192307692307693 0.07692307692307693 0.0625
1 0.3894230769230769 0.21514423076923078 0.08653846153846154 0.06971153846153846
1 0.5180288461538461 0.14783653846153846 0.03365384615384615 0.04567307692307692
1 0.5432692307692307 0.13341346153846154 0.021634615384615384 0.03365384615384615
2 0.8377403846153846 0.7007211538461539 0.09134615384615384 0.21153846153846154
2 0.4495192307692308 0.4675480769230769 0.06009615384615385 0.15144230769230768
2 0.41947115384615385 0.6875 0.06490384615384616 0.21394230769230768
2 0.24639423076923078 0.6009615384615384 0.08653846153846154 0.1875
3 0.49399038461538464 0.7692307692307693 0.19951923076923078 0.4110576923076923
3 0.5925480769230769 0.20673076923076922 0.055288461538461536 0.10576923076923077