1 0.296875 0.6838942307692307 0.16346153846153846 0.27884615384615385
1 0.7139423076923077 0.8653846153846154 0.22596153846153846 0.2644230769230769
1 0.7091346153846154 0.6430288461538461 0.1658653846153846 0.23317307692307693
1 0.9050480769230769 0.8197115384615384 0.18028846153846154 0.2980769230769231
1 0.17307692307692307 0.07451923076923077 0.08413461538461539 0.07211538461538461
1 0.359375 0.04326923076923077 0.04326923076923077 0.06490384615384616
1 0.47475961538461536 0.10697115384615384 0.0625 0.0673076923076923
1 0.5673076923076923 0.12379807692307693 0.0889423076923077 0.07932692307692307
1 0.7367788461538461 0.18028846153846154 0.0673076923076923 0.0673076923076923
1 0.7319711538461539 0.14302884615384615 0.07451923076923077 0.0673076923076923
1 0.5396634615384616 0.08173076923076923 0.036057692307692304 0.0625
1 0.4254807692307692 0.06370192307692307 0.04326923076923077 0.06009615384615385
1 0.5961538461538461 0.052884615384615384 0.03125 0.04567307692307692
2 0.17668269230769232 0.5396634615384616 0.08173076923076923 0.21153846153846154
2 0.6009615384615384 0.6490384615384616 0.04326923076923077 0.23076923076923078
2 0.8125 0.5997596153846154 0.057692307692307696 0.19951923076923078
2 0.7848557692307693 0.5132211538461539 0.052884615384615384 0.18509615384615385
2 0.6646634615384616 0.3317307692307692 0.038461538461538464 0.13942307692307693
2 0.5072115384615384 0.09254807692307693 0.021634615384615384 0.07211538461538461
3 0.46153846153846156 0.052884615384615384 0.036057692307692304 0.07211538461538461
3 0.5024038461538461 0.7283653846153846 0.16346153846153846 0.4206730769230769