1 0.2439903846153846 0.7716346153846154 0.2403846153846154 0.30528846153846156
1 0.42788461538461536 0.8377403846153846 0.23557692307692307 0.31971153846153844
1 0.6899038461538461 0.8173076923076923 0.20673076923076922 0.31971153846153844
1 0.8966346153846154 0.9158653846153846 0.17307692307692307 0.16346153846153846
1 0.9038461538461539 0.7211538461538461 0.18028846153846154 0.25
1 0.7451923076923077 0.625 0.14903846153846154 0.24278846153846154
1 0.48677884615384615 0.6346153846153846 0.15384615384615385 0.20192307692307693
1 0.3581730769230769 0.5745192307692307 0.19951923076923078 0.24519230769230768
1 0.515625 0.25 0.11057692307692307 0.11057692307692307
1 0.7596153846153846 0.056490384615384616 0.04567307692307692 0.052884615384615384
2 0.22355769230769232 0.8701923076923077 0.10096153846153846 0.23076923076923078
2 0.7007211538461539 0.44711538461538464 0.0673076923076923 0.1778846153846154
2 0.7487980769230769 0.43990384615384615 0.07692307692307693 0.14182692307692307
2 0.8774038461538461 0.49759615384615385 0.0673076923076923 0.19951923076923078
2 0.8485576923076923 0.4411057692307692 0.04567307692307692 0.16826923076923078
0 0.7776442307692307 0.20072115384615385 0.43990384615384615 0.3293269230769231