1 0.30649038461538464 0.7860576923076923 0.14903846153846154 0.3557692307692308
1 0.4831730769230769 0.765625 0.14903846153846154 0.2956730769230769
1 0.609375 0.5288461538461539 0.12740384615384615 0.18028846153846154
1 0.515625 0.13701923076923078 0.052884615384615384 0.06009615384615385
1 0.453125 0.11778846153846154 0.05048076923076923 0.0625
2 0.3088942307692308 0.4735576923076923 0.04326923076923077 0.15865384615384615
2 0.38100961538461536 0.484375 0.038461538461538464 0.17307692307692307
2 0.4423076923076923 0.46634615384615385 0.052884615384615384 0.16346153846153846
2 0.49399038461538464 0.4699519230769231 0.05048076923076923 0.15865384615384615
3 0.9615384615384616 0.09014423076923077 0.055288461538461536 0.10817307692307693
3 0.8870192307692307 0.2283653846153846 0.21875 0.19471153846153846