1 0.13581730769230768 0.9350961538461539 0.23317307692307693 0.125
1 0.36778846153846156 0.7512019230769231 0.1778846153846154 0.28365384615384615
1 0.40625 0.8954326923076923 0.1971153846153846 0.20432692307692307
1 0.7740384615384616 0.7980769230769231 0.19951923076923078 0.31490384615384615
1 0.7043269230769231 0.6334134615384616 0.1875 0.20673076923076922
1 0.7632211538461539 0.5480769230769231 0.1466346153846154 0.22355769230769232
1 0.4963942307692308 0.375 0.10817307692307693 0.1466346153846154
1 0.7740384615384616 0.32091346153846156 0.10096153846153846 0.1346153846153846
1 0.6514423076923077 0.23798076923076922 0.08653846153846154 0.0889423076923077
2 0.6189903846153846 0.2800480769230769 0.036057692307692304 0.0985576923076923
2 0.44471153846153844 0.16346153846153846 0.026442307692307692 0.07451923076923077
2 0.39302884615384615 0.1310096153846154 0.019230769230769232 0.06009615384615385
0 0.8269230769230769 0.17908653846153846 0.2091346153846154 0.18990384615384615
0 0.9579326923076923 0.06971153846153846 0.04326923076923077 0.09375
3 0.7067307692307693 0.8990384615384616 0.2668269230769231 0.1875