1 0.49759615384615385 0.9098557692307693 0.1875 0.17548076923076922
1 0.4579326923076923 0.6911057692307693 0.15144230769230768 0.2644230769230769
1 0.21394230769230768 0.8545673076923077 0.22596153846153846 0.2860576923076923
1 0.3629807692307692 0.47596153846153844 0.11057692307692307 0.1658653846153846
1 0.25721153846153844 0.6213942307692307 0.14182692307692307 0.22355769230769232
1 0.9603365384615384 0.2860576923076923 0.06490384615384616 0.12980769230769232
1 0.5997596153846154 0.21875 0.11538461538461539 0.09134615384615384
1 0.5336538461538461 0.06129807692307692 0.021634615384615384 0.040865384615384616
2 0.8221153846153846 0.7091346153846154 0.07451923076923077 0.2548076923076923
2 0.3016826923076923 0.37259615384615385 0.057692307692307696 0.13701923076923078
2 0.1935096153846154 0.3942307692307692 0.040865384615384616 0.1201923076923077