1 0.2512019230769231 0.6959134615384616 0.1658653846153846 0.2620192307692308
1 0.6286057692307693 0.8810096153846154 0.2283653846153846 0.23317307692307693
1 0.8149038461538461 0.8581730769230769 0.18269230769230768 0.27884615384615385
1 0.6322115384615384 0.6814903846153846 0.17067307692307693 0.20673076923076922
1 0.17548076923076922 0.12379807692307693 0.08413461538461539 0.07211538461538461
1 0.34975961538461536 0.10817307692307693 0.04567307692307692 0.06009615384615385
1 0.42427884615384615 0.1502403846153846 0.04326923076923077 0.055288461538461536
1 0.46274038461538464 0.1658653846153846 0.06490384615384616 0.06490384615384616
1 0.4963942307692308 0.20552884615384615 0.0889423076923077 0.07692307692307693
1 0.7043269230769231 0.23798076923076922 0.04326923076923077 0.0889423076923077
1 0.6129807692307693 0.20673076923076922 0.07692307692307693 0.07211538461538461
1 0.6286057692307693 0.3269230769230769 0.14182692307692307 0.13221153846153846
2 0.14182692307692307 0.5552884615384616 0.08413461538461539 0.19951923076923078
2 0.5360576923076923 0.6875 0.055288461538461536 0.20673076923076922
2 0.7019230769230769 0.5637019230769231 0.0625 0.1778846153846154
2 0.7355769230769231 0.6454326923076923 0.057692307692307696 0.17307692307692307
2 0.9375 0.9435096153846154 0.0625 0.10817307692307693
2 0.6189903846153846 0.40024038461538464 0.04326923076923077 0.13942307692307693
2 0.6045673076923077 0.21875 0.038461538461538464 0.0673076923076923
3 0.46875 0.11538461538461539 0.038461538461538464 0.06009615384615385
3 0.4375 0.7524038461538461 0.18028846153846154 0.40865384615384615