1 0.5300480769230769 0.8497596153846154 0.19471153846153846 0.2956730769230769
1 0.7307692307692307 0.8004807692307693 0.17067307692307693 0.375
1 0.4375 0.5072115384615384 0.14182692307692307 0.19230769230769232
1 0.30528846153846156 0.2608173076923077 0.13942307692307693 0.12259615384615384
1 0.15504807692307693 0.16826923076923078 0.11298076923076923 0.0985576923076923
1 0.7295673076923077 0.08653846153846154 0.04807692307692308 0.06009615384615385
2 0.8701923076923077 0.8473557692307693 0.07451923076923077 0.29086538461538464
2 0.8461538461538461 0.6033653846153846 0.07211538461538461 0.19471153846153846
2 0.9543269230769231 0.28966346153846156 0.07692307692307693 0.10576923076923077
2 0.5612980769230769 0.453125 0.057692307692307696 0.17548076923076922
2 0.484375 0.6610576923076923 0.07211538461538461 0.21153846153846154
2 0.3137019230769231 0.7788461538461539 0.0889423076923077 0.27403846153846156
3 0.6610576923076923 0.2776442307692308 0.21153846153846154 0.19951923076923078
3 0.38341346153846156 0.15745192307692307 0.10576923076923077 0.13221153846153846
3 0.11177884615384616 0.04807692307692308 0.06009615384615385 0.09615384615384616