1 0.7415865384615384 0.8365384615384616 0.23557692307692307 0.31490384615384615
1 0.5637019230769231 0.8641826923076923 0.2283653846153846 0.2668269230769231
1 0.29927884615384615 0.8341346153846154 0.20192307692307693 0.3173076923076923
1 0.09014423076923077 0.9074519230769231 0.18028846153846154 0.15144230769230768
1 0.09975961538461539 0.7211538461538461 0.18509615384615385 0.24519230769230768
1 0.26802884615384615 0.6358173076923077 0.1466346153846154 0.23557692307692307
1 0.5228365384615384 0.6706730769230769 0.1466346153846154 0.19471153846153846
1 0.6550480769230769 0.625 0.18509615384615385 0.23076923076923078
1 0.23557692307692307 0.24519230769230768 0.1875 0.13221153846153846
1 0.2692307692307692 0.1346153846153846 0.08413461538461539 0.08413461538461539
1 0.24759615384615385 0.18269230769230768 0.0625 0.07692307692307693
1 0.3112980769230769 0.019230769230769232 0.026442307692307692 0.038461538461538464
1 0.421875 0.18389423076923078 0.11057692307692307 0.07692307692307693
1 0.5204326923076923 0.2536057692307692 0.13942307692307693 0.09134615384615384
2 0.7536057692307693 0.9074519230769231 0.0985576923076923 0.18028846153846154
2 0.41225961538461536 0.5973557692307693 0.07211538461538461 0.21875
2 0.35697115384615385 0.5348557692307693 0.07451923076923077 0.21394230769230768
2 0.15985576923076922 0.5012019230769231 0.0625 0.18269230769230768
2 0.1875 0.45072115384615385 0.04567307692307692 0.1658653846153846
2 0.3942307692307692 0.22956730769230768 0.0673076923076923 0.08413461538461539
2 0.30288461538461536 0.15745192307692307 0.04807692307692308 0.08653846153846154
0 0.46153846153846156 0.14903846153846154 0.18990384615384615 0.16346153846153846