1 0.7560096153846154 0.8557692307692307 0.2403846153846154 0.28365384615384615
1 0.5600961538461539 0.8894230769230769 0.23557692307692307 0.21634615384615385
1 0.27283653846153844 0.8641826923076923 0.20192307692307693 0.2668269230769231
1 0.06610576923076923 0.9543269230769231 0.12980769230769232 0.08653846153846154
1 0.06850961538461539 0.7872596153846154 0.1346153846153846 0.2644230769230769
1 0.2247596153846154 0.6935096153846154 0.15865384615384615 0.25961538461538464
1 0.5072115384615384 0.7115384615384616 0.14423076923076922 0.21153846153846154
1 0.6454326923076923 0.6514423076923077 0.19951923076923078 0.25961538461538464
1 0.23798076923076922 0.04567307692307692 0.04326923076923077 0.04326923076923077
1 0.2403846153846154 0.078125 0.038461538461538464 0.04326923076923077
1 0.1141826923076923 0.14182692307692307 0.0985576923076923 0.08653846153846154
2 0.7764423076923077 0.9302884615384616 0.09615384615384616 0.1346153846153846
2 0.234375 0.4891826923076923 0.07692307692307693 0.15384615384615385
2 0.18269230769230768 0.44591346153846156 0.08173076923076923 0.16105769230769232
2 0.1201923076923077 0.48197115384615385 0.04326923076923077 0.18028846153846154
2 0.09254807692307693 0.5396634615384616 0.055288461538461536 0.21634615384615385
2 0.052884615384615384 0.3125 0.09615384615384616 0.14423076923076922
0 0.40024038461538464 0.24879807692307693 0.4879807692307692 0.2932692307692308