1 0.8365384615384616 0.9158653846153846 0.24519230769230768 0.16346153846153846
1 0.6502403846153846 0.9495192307692307 0.2764423076923077 0.09615384615384616
1 0.3317307692307692 0.8918269230769231 0.24759615384615385 0.20192307692307693
1 0.10216346153846154 0.8233173076923077 0.20432692307692307 0.28125
1 0.2956730769230769 0.7524038461538461 0.20192307692307693 0.30288461538461536
1 0.5985576923076923 0.8221153846153846 0.19230769230769232 0.2692307692307692
1 0.7572115384615384 0.7728365384615384 0.2548076923076923 0.3076923076923077
1 0.3605769230769231 0.18990384615384615 0.15384615384615385 0.10576923076923077
1 0.12620192307692307 0.2668269230769231 0.21875 0.19951923076923078
1 0.3894230769230769 0.05889423076923077 0.04567307692307692 0.07451923076923077
2 0.4579326923076923 0.8485576923076923 0.12259615384615384 0.3004807692307692
2 0.44350961538461536 0.7295673076923077 0.10576923076923077 0.2668269230769231
2 0.17548076923076922 0.5721153846153846 0.09375 0.23557692307692307
2 0.21153846153846154 0.5108173076923077 0.06971153846153846 0.19951923076923078
2 0.4074519230769231 0.2512019230769231 0.07692307692307693 0.1201923076923077
0 0.5745192307692307 0.17548076923076922 0.24759615384615385 0.21394230769230768