1 0.7475961538461539 0.7415865384615384 0.18990384615384615 0.3173076923076923
1 0.30408653846153844 0.7127403846153846 0.1875 0.25
1 0.30408653846153844 0.9038461538461539 0.25240384615384615 0.1875
1 0.10336538461538461 0.8774038461538461 0.17307692307692307 0.2403846153846154
1 0.8461538461538461 0.06850961538461539 0.09375 0.07932692307692307
1 0.7439903846153846 0.06129807692307692 0.08413461538461539 0.07211538461538461
1 0.6418269230769231 0.04447115384615385 0.052884615384615384 0.07211538461538461
1 0.5877403846153846 0.07451923076923077 0.06009615384615385 0.0625
1 0.5552884615384616 0.10697115384615384 0.052884615384615384 0.08413461538461539
1 0.3161057692307692 0.31490384615384615 0.1971153846153846 0.14182692307692307
1 0.2620192307692308 0.20552884615384615 0.11298076923076923 0.0889423076923077
1 0.27403846153846156 0.1622596153846154 0.10576923076923077 0.08173076923076923
1 0.45552884615384615 0.10216346153846154 0.04807692307692308 0.07451923076923077
1 0.41225961538461536 0.07211538461538461 0.036057692307692304 0.05048076923076923
1 0.45913461538461536 0.051682692307692304 0.03365384615384615 0.052884615384615384
2 0.9591346153846154 0.7980769230769231 0.07692307692307693 0.3125
2 0.828125 0.6274038461538461 0.08173076923076923 0.23317307692307693
2 0.5841346153846154 0.5348557692307693 0.1201923076923077 0.20673076923076922
2 0.41466346153846156 0.7163461538461539 0.0673076923076923 0.24519230769230768
2 0.19110576923076922 0.6646634615384616 0.07692307692307693 0.20192307692307693
3 0.5264423076923077 0.7740384615384616 0.20673076923076922 0.44711538461538464
3 0.3942307692307692 0.13581730769230768 0.09375 0.125