1 0.31490384615384615 0.8245192307692307 0.1658653846153846 0.3317307692307692
1 0.5012019230769231 0.8545673076923077 0.18028846153846154 0.2860576923076923
1 0.6466346153846154 0.5949519230769231 0.1466346153846154 0.19230769230769232
1 0.49278846153846156 0.3293269230769231 0.13221153846153846 0.11057692307692307
1 0.5132211538461539 0.1875 0.04567307692307692 0.055288461538461536
1 0.4026442307692308 0.12259615384615384 0.040865384615384616 0.057692307692307696
1 0.6875 0.203125 0.06009615384615385 0.07211538461538461
1 0.7536057692307693 0.24278846153846154 0.08653846153846154 0.08413461538461539
1 0.9783653846153846 0.18990384615384615 0.038461538461538464 0.0625
2 0.23918269230769232 0.7043269230769231 0.07451923076923077 0.23557692307692307
2 0.3076923076923077 0.5637019230769231 0.06490384615384616 0.17067307692307693
2 0.515625 0.625 0.0625 0.17548076923076922
2 0.6322115384615384 0.7331730769230769 0.08653846153846154 0.23076923076923078
2 0.5300480769230769 0.5252403846153846 0.06009615384615385 0.16105769230769232