1 0.4326923076923077 0.6694711538461539 0.17307692307692307 0.27884615384615385
1 0.9206730769230769 0.24759615384615385 0.14423076923076922 0.11298076923076923
1 0.96875 0.16706730769230768 0.057692307692307696 0.06971153846153846
1 0.9375 0.14783653846153846 0.05048076923076923 0.06490384615384616
1 0.4483173076923077 0.8665865384615384 0.20432692307692307 0.2620192307692308
1 0.15144230769230768 0.8076923076923077 0.25961538461538464 0.3245192307692308
1 0.24158653846153846 0.5637019230769231 0.16346153846153846 0.24759615384615385
1 0.36899038461538464 0.4326923076923077 0.1346153846153846 0.19230769230769232
1 0.6105769230769231 0.02403846153846154 0.026442307692307692 0.03125
2 0.7824519230769231 0.6574519230769231 0.08413461538461539 0.2403846153846154
2 0.4831730769230769 0.3629807692307692 0.07451923076923077 0.15865384615384615
2 0.20793269230769232 0.3137019230769231 0.055288461538461536 0.11538461538461539