1 0.8978365384615384 0.7788461538461539 0.19951923076923078 0.34134615384615385
1 0.453125 0.9326923076923077 0.2620192307692308 0.12980769230769232
1 0.2283653846153846 0.9122596153846154 0.22115384615384615 0.17067307692307693
1 0.44350961538461536 0.7728365384615384 0.20673076923076922 0.2692307692307692
1 0.5877403846153846 0.3233173076923077 0.1971153846153846 0.15865384615384615
1 0.9375 0.07932692307692307 0.036057692307692304 0.08173076923076923
1 0.3629807692307692 0.21634615384615385 0.09615384615384616 0.08413461538461539
1 0.5384615384615384 0.19230769230769232 0.10576923076923077 0.0985576923076923
1 0.7415865384615384 0.09134615384615384 0.07692307692307693 0.07211538461538461
1 0.7608173076923077 0.057692307692307696 0.052884615384615384 0.0625
1 0.6682692307692307 0.11538461538461539 0.04567307692307692 0.07211538461538461
1 0.5516826923076923 0.11658653846153846 0.04807692307692308 0.052884615384615384
1 0.5132211538461539 0.1622596153846154 0.07932692307692307 0.07211538461538461
1 0.515625 0.07211538461538461 0.028846153846153848 0.04326923076923077
1 0.49399038461538464 0.09495192307692307 0.040865384615384616 0.052884615384615384
2 0.5901442307692307 0.6298076923076923 0.16346153846153846 0.23557692307692307
2 0.5637019230769231 0.7848557692307693 0.0625 0.2403846153846154
2 0.32572115384615385 0.7379807692307693 0.09615384615384616 0.23798076923076922
2 0.5144230769230769 0.49278846153846156 0.0673076923076923 0.1778846153846154
2 0.4699519230769231 0.19110576923076922 0.04567307692307692 0.08653846153846154
2 0.4182692307692308 0.21514423076923078 0.055288461538461536 0.08413461538461539
3 0.6730769230769231 0.7896634615384616 0.22596153846153846 0.39663461538461536
3 0.6141826923076923 0.13221153846153846 0.06490384615384616 0.12740384615384615