1 0.8149038461538461 0.8293269230769231 0.1778846153846154 0.2644230769230769
1 0.6598557692307693 0.796875 0.1778846153846154 0.29086538461538464
1 0.5793269230769231 0.9615384615384616 0.20432692307692307 0.07451923076923077
1 0.41225961538461536 0.5745192307692307 0.12980769230769232 0.19230769230769232
1 0.27524038461538464 0.3545673076923077 0.18269230769230768 0.11778846153846154
1 0.3473557692307692 0.30649038461538464 0.125 0.13701923076923078
1 0.5637019230769231 0.125 0.040865384615384616 0.07211538461538461
1 0.5877403846153846 0.11177884615384616 0.026442307692307692 0.038461538461538464
1 0.6153846153846154 0.06370192307692307 0.019230769230769232 0.036057692307692304
1 0.5612980769230769 0.055288461538461536 0.016826923076923076 0.03365384615384615
2 0.8918269230769231 0.5889423076923077 0.04807692307692308 0.17307692307692307
2 0.7427884615384616 0.5721153846153846 0.07451923076923077 0.19230769230769232
2 0.4387019230769231 0.41346153846153844 0.06971153846153846 0.12980769230769232
2 0.6213942307692307 0.08413461538461539 0.01201923076923077 0.040865384615384616
2 0.6069711538461539 0.08413461538461539 0.016826923076923076 0.03365384615384615
0 0.5841346153846154 0.2956730769230769 0.3629807692307692 0.2932692307692308
3 0.953125 0.84375 0.0889423076923077 0.28365384615384615
3 0.2860576923076923 0.8052884615384616 0.20673076923076922 0.38461538461538464