1 0.7848557692307693 0.7235576923076923 0.18509615384615385 0.24278846153846154
1 0.6298076923076923 0.5360576923076923 0.12259615384615384 0.15865384615384615
1 0.6310096153846154 0.7367788461538461 0.13701923076923078 0.3269230769230769
1 0.43990384615384615 0.5 0.10336538461538461 0.1201923076923077
1 0.359375 0.6598557692307693 0.11538461538461539 0.23557692307692307
1 0.15865384615384615 0.8774038461538461 0.2956730769230769 0.22355769230769232
1 0.3425480769230769 0.47596153846153844 0.11057692307692307 0.16105769230769232
1 0.4110576923076923 0.30649038461538464 0.08413461538461539 0.10576923076923077
1 0.39783653846153844 0.1875 0.0625 0.0625
1 0.04807692307692308 0.2439903846153846 0.07211538461538461 0.07692307692307693
2 0.2776442307692308 0.5901442307692307 0.052884615384615384 0.20192307692307693
2 0.6153846153846154 0.171875 0.014423076923076924 0.0625
2 0.6598557692307693 0.15625 0.016826923076923076 0.05048076923076923
0 0.08774038461538461 0.18629807692307693 0.14903846153846154 0.13942307692307693
0 0.13822115384615385 0.11538461538461539 0.05048076923076923 0.0673076923076923
3 0.45552884615384615 0.7487980769230769 0.17548076923076922 0.40625