1 0.3233173076923077 0.8653846153846154 0.15865384615384615 0.24278846153846154
1 0.4519230769230769 0.8185096153846154 0.15625 0.24519230769230768
1 0.53125 0.9603365384615384 0.18269230769230768 0.07451923076923077
1 0.6394230769230769 0.6057692307692307 0.12259615384615384 0.17548076923076922
1 0.6057692307692307 0.4230769230769231 0.13942307692307693 0.10336538461538461
1 0.6730769230769231 0.390625 0.10817307692307693 0.10576923076923077
1 0.4987980769230769 0.28365384615384615 0.055288461538461536 0.07211538461538461
1 0.47115384615384615 0.2704326923076923 0.036057692307692304 0.052884615384615384
1 0.42788461538461536 0.21153846153846154 0.026442307692307692 0.04326923076923077
1 0.47596153846153844 0.20432692307692307 0.021634615384615384 0.036057692307692304
1 0.4723557692307692 0.23798076923076922 0.036057692307692304 0.040865384615384616
2 0.06971153846153846 0.9110576923076923 0.0625 0.17307692307692307
2 0.3605769230769231 0.6382211538461539 0.07211538461538461 0.17067307692307693
2 0.6033653846153846 0.48677884615384615 0.057692307692307696 0.08653846153846154
2 0.40865384615384615 0.23918269230769232 0.014423076923076924 0.052884615384615384
2 0.4387019230769231 0.23197115384615385 0.009615384615384616 0.03365384615384615
2 0.24519230769230768 0.6706730769230769 0.07451923076923077 0.16346153846153846
3 0.16826923076923078 0.8810096153846154 0.1778846153846154 0.23317307692307693
3 0.7716346153846154 0.8052884615384616 0.18269230769230768 0.3605769230769231