1 0.6466346153846154 0.8329326923076923 0.14423076923076922 0.3293269230769231
1 0.4639423076923077 0.8377403846153846 0.15384615384615385 0.29086538461538464
1 0.3449519230769231 0.5757211538461539 0.13701923076923078 0.1875
1 0.6814903846153846 0.33413461538461536 0.13221153846153846 0.11298076923076923
1 0.34975961538461536 0.2127403846153846 0.07211538461538461 0.06490384615384616
1 0.5036057692307693 0.16466346153846154 0.04567307692307692 0.04807692307692308
1 0.6237980769230769 0.13942307692307693 0.036057692307692304 0.052884615384615384
1 0.06610576923076923 0.15384615384615385 0.03365384615384615 0.052884615384615384
2 0.37740384615384615 0.671875 0.052884615384615384 0.19951923076923078
2 0.65625 0.5516826923076923 0.04326923076923077 0.15625
2 0.49759615384615385 0.5853365384615384 0.052884615384615384 0.18028846153846154
2 0.46274038461538464 0.515625 0.04807692307692308 0.1466346153846154
2 0.5132211538461539 0.31971153846153844 0.03365384615384615 0.10096153846153846
3 0.020432692307692308 0.12980769230769232 0.028846153846153848 0.11538461538461539
3 0.44711538461538464 0.20552884615384615 0.06971153846153846 0.11298076923076923