1 0.6838942307692307 0.8112980769230769 0.2091346153846154 0.37259615384615385
1 0.49759615384615385 0.7620192307692307 0.20432692307692307 0.3269230769230769
1 0.40865384615384615 0.49158653846153844 0.15384615384615385 0.1971153846153846
1 0.6009615384615384 0.09735576923076923 0.0673076923076923 0.0673076923076923
1 0.765625 0.06129807692307692 0.038461538461538464 0.055288461538461536
1 0.515625 0.0985576923076923 0.0673076923076923 0.07211538461538461
1 0.1658653846153846 0.019230769230769232 0.04807692307692308 0.038461538461538464
2 0.7403846153846154 0.4891826923076923 0.07211538461538461 0.18509615384615385
2 0.6610576923076923 0.5204326923076923 0.0889423076923077 0.19471153846153846
2 0.5925480769230769 0.46634615384615385 0.07451923076923077 0.17548076923076922
2 0.5372596153846154 0.453125 0.07692307692307693 0.1778846153846154
2 0.33774038461538464 0.2668269230769231 0.09375 0.14423076923076922
3 0.109375 0.019230769230769232 0.07451923076923077 0.038461538461538464
3 0.6574519230769231 0.10096153846153846 0.07692307692307693 0.10576923076923077