1 0.19230769230769232 0.5685096153846154 0.16346153846153846 0.23557692307692307
1 0.33533653846153844 0.5600961538461539 0.13701923076923078 0.3004807692307692
1 0.36538461538461536 0.44471153846153844 0.1346153846153846 0.19951923076923078
1 0.5925480769230769 0.5192307692307693 0.1201923076923077 0.24519230769230768
1 0.5228365384615384 0.34975961538461536 0.09615384615384616 0.1346153846153846
1 0.5973557692307693 0.8798076923076923 0.25721153846153844 0.23557692307692307
1 0.7584134615384616 0.7379807692307693 0.2548076923076923 0.35336538461538464
1 0.6706730769230769 0.33533653846153844 0.125 0.17548076923076922
1 0.4675480769230769 0.1201923076923077 0.07692307692307693 0.08653846153846154
1 0.7079326923076923 0.15745192307692307 0.07692307692307693 0.10096153846153846
1 0.9399038461538461 0.0829326923076923 0.04567307692307692 0.07932692307692307
2 0.06370192307692307 0.8774038461538461 0.07932692307692307 0.2403846153846154
2 0.84375 0.6081730769230769 0.0985576923076923 0.24759615384615385
2 0.2980769230769231 0.051682692307692304 0.02403846153846154 0.0625
2 0.25600961538461536 0.06129807692307692 0.02403846153846154 0.06009615384615385
0 0.8942307692307693 0.019230769230769232 0.07692307692307693 0.038461538461538464
3 0.5024038461538461 0.6033653846153846 0.18990384615384615 0.3870192307692308