1 0.7391826923076923 0.8389423076923077 0.19471153846153846 0.2932692307692308
1 0.3125 0.9014423076923077 0.23317307692307693 0.1778846153846154
1 0.3485576923076923 0.734375 0.18509615384615385 0.2403846153846154
1 0.12379807692307693 0.8413461538461539 0.2091346153846154 0.23798076923076922
1 0.9555288461538461 0.2608173076923077 0.08413461538461539 0.08413461538461539
1 0.7800480769230769 0.1971153846153846 0.05048076923076923 0.0673076923076923
1 0.6754807692307693 0.23557692307692307 0.0625 0.07451923076923077
1 0.7043269230769231 0.20673076923076922 0.040865384615384616 0.0673076923076923
1 0.6105769230769231 0.24879807692307693 0.08653846153846154 0.08653846153846154
1 0.5012019230769231 0.27403846153846156 0.11538461538461539 0.09375
1 0.4387019230769231 0.24278846153846154 0.0889423076923077 0.07932692307692307
1 0.5913461538461539 0.19110576923076922 0.04567307692307692 0.036057692307692304
2 0.8870192307692307 0.7163461538461539 0.09615384615384616 0.21153846153846154
2 0.42788461538461536 0.43149038461538464 0.052884615384615384 0.14423076923076922
2 0.44591346153846156 0.7536057692307693 0.0673076923076923 0.21394230769230768
2 0.30528846153846156 0.5829326923076923 0.07211538461538461 0.16346153846153846
2 0.25 0.6730769230769231 0.08653846153846154 0.19951923076923078
2 0.390625 0.25721153846153844 0.04807692307692308 0.08173076923076923
3 0.5372596153846154 0.8112980769230769 0.2091346153846154 0.37259615384615385
3 0.6742788461538461 0.1875 0.04326923076923077 0.07451923076923077