1 0.21995192307692307 0.8028846153846154 0.18509615384615385 0.2644230769230769
1 0.36658653846153844 0.7896634615384616 0.18990384615384615 0.2932692307692308
1 0.42427884615384615 0.9507211538461539 0.19471153846153846 0.09375
1 0.6177884615384616 0.5973557692307693 0.14182692307692307 0.19471153846153846
1 0.7536057692307693 0.3762019230769231 0.11778846153846154 0.125
1 0.6646634615384616 0.4026442307692308 0.15625 0.11778846153846154
1 0.5432692307692307 0.22956730769230768 0.06971153846153846 0.08173076923076923
1 0.5120192307692307 0.20072115384615385 0.03365384615384615 0.052884615384615384
1 0.47596153846153844 0.13341346153846154 0.03125 0.04567307692307692
1 0.5288461538461539 0.1346153846153846 0.028846153846153848 0.038461538461538464
1 0.5228365384615384 0.09254807692307693 0.016826923076923076 0.021634615384615384
2 0.18028846153846154 0.578125 0.08173076923076923 0.18028846153846154
2 0.30649038461538464 0.5661057692307693 0.08413461538461539 0.18269230769230768
2 0.6045673076923077 0.4519230769230769 0.06490384615384616 0.10576923076923077
2 0.4483173076923077 0.15865384615384615 0.016826923076923076 0.05048076923076923
2 0.484375 0.15625 0.016826923076923076 0.036057692307692304
3 0.07692307692307693 0.8004807692307693 0.15384615384615385 0.30288461538461536
3 0.7115384615384616 0.8185096153846154 0.23076923076923078 0.3581730769230769