1 0.3786057692307692 0.8870192307692307 0.18990384615384615 0.22115384615384615
1 0.5048076923076923 0.84375 0.18990384615384615 0.2668269230769231
1 0.6021634615384616 0.9639423076923077 0.18509615384615385 0.0673076923076923
1 0.6754807692307693 0.6033653846153846 0.13701923076923078 0.18269230769230768
1 0.2127403846153846 0.5024038461538461 0.09615384615384616 0.11778846153846154
1 0.5348557692307693 0.2980769230769231 0.08413461538461539 0.08413461538461539
1 0.4735576923076923 0.28125 0.04326923076923077 0.055288461538461536
1 0.40865384615384615 0.2283653846153846 0.026442307692307692 0.04326923076923077
1 0.46153846153846156 0.21634615384615385 0.02403846153846154 0.036057692307692304
1 0.44591346153846156 0.18028846153846154 0.021634615384615384 0.03125
2 0.125 0.9411057692307693 0.07692307692307693 0.11298076923076923
2 0.2764423076923077 0.7115384615384616 0.08653846153846154 0.17067307692307693
2 0.3870192307692308 0.6634615384615384 0.09134615384615384 0.1778846153846154
2 0.7632211538461539 0.5637019230769231 0.0673076923076923 0.14903846153846154
2 0.3942307692307692 0.2608173076923077 0.019230769230769232 0.05048076923076923
2 0.43149038461538464 0.25240384615384615 0.021634615384615384 0.04567307692307692
3 0.21995192307692307 0.9038461538461539 0.2091346153846154 0.1875
3 0.8329326923076923 0.7800480769230769 0.2091346153846154 0.35096153846153844