1 0.5072115384615384 0.8834134615384616 0.16826923076923078 0.2283653846153846
1 0.6923076923076923 0.8317307692307693 0.14423076923076922 0.3269230769230769
1 0.39302884615384615 0.5901442307692307 0.125 0.17307692307692307
1 0.25 0.3701923076923077 0.12740384615384615 0.10817307692307693
1 0.09975961538461539 0.2956730769230769 0.10096153846153846 0.0889423076923077
1 0.6322115384615384 0.17067307692307693 0.040865384615384616 0.052884615384615384
2 0.8245192307692307 0.8641826923076923 0.057692307692307696 0.2548076923076923
2 0.7836538461538461 0.6466346153846154 0.057692307692307696 0.18028846153846154
2 0.8605769230769231 0.34375 0.0673076923076923 0.09615384615384616
2 0.5048076923076923 0.5300480769230769 0.04807692307692308 0.16346153846153846
2 0.4483173076923077 0.7319711538461539 0.057692307692307696 0.1971153846153846
2 0.3004807692307692 0.8545673076923077 0.06971153846153846 0.2548076923076923
3 0.5853365384615384 0.35697115384615385 0.18990384615384615 0.1778846153846154
3 0.31490384615384615 0.2668269230769231 0.09134615384615384 0.1201923076923077
3 0.04927884615384615 0.17067307692307693 0.04807692307692308 0.11538461538461539