1 0.8810096153846154 0.8846153846153846 0.18990384615384615 0.22596153846153846
1 0.7043269230769231 0.6646634615384616 0.1778846153846154 0.27884615384615385
1 0.6658653846153846 0.84375 0.22115384615384615 0.3076923076923077
1 0.3954326923076923 0.5625 0.1778846153846154 0.21153846153846154
1 0.32572115384615385 0.7175480769230769 0.19230769230769232 0.3125
1 0.32091346153846156 0.4891826923076923 0.15144230769230768 0.21394230769230768
1 0.5612980769230769 0.3076923076923077 0.10817307692307693 0.14903846153846154
1 0.3918269230769231 0.17908653846153846 0.09615384615384616 0.0985576923076923
1 0.2512019230769231 0.23317307692307693 0.10096153846153846 0.12740384615384615
2 0.01201923076923077 0.8449519230769231 0.02403846153846154 0.2283653846153846
2 0.6550480769230769 0.11298076923076923 0.03365384615384615 0.07451923076923077
0 0.21875 0.10697115384615384 0.21875 0.18990384615384615
0 0.12860576923076922 0.030048076923076924 0.06971153846153846 0.06009615384615385
3 0.39903846153846156 0.8305288461538461 0.2644230769230769 0.33413461538461536