1 0.2764423076923077 0.8100961538461539 0.18028846153846154 0.2764423076923077
1 0.43028846153846156 0.7848557692307693 0.17067307692307693 0.28365384615384615
1 0.4963942307692308 0.9543269230769231 0.20432692307692307 0.08653846153846154
1 0.7091346153846154 0.6838942307692307 0.14903846153846154 0.21875
1 0.296875 0.3605769230769231 0.09375 0.10576923076923077
1 0.3173076923076923 0.33533653846153844 0.12259615384615384 0.11057692307692307
1 0.5252403846153846 0.3269230769230769 0.1466346153846154 0.1201923076923077
1 0.6682692307692307 0.24278846153846154 0.08653846153846154 0.07211538461538461
1 0.5745192307692307 0.18870192307692307 0.038461538461538464 0.0673076923076923
1 0.5180288461538461 0.16706730769230768 0.04807692307692308 0.06490384615384616
1 0.5084134615384616 0.13822115384615385 0.038461538461538464 0.052884615384615384
1 0.5540865384615384 0.11057692307692307 0.028846153846153848 0.040865384615384616
2 0.01201923076923077 0.8365384615384616 0.02403846153846154 0.2403846153846154
2 0.3545673076923077 0.5673076923076923 0.07932692307692307 0.18509615384615385
2 0.6430288461538461 0.47836538461538464 0.055288461538461536 0.12259615384615384
2 0.6622596153846154 0.43028846153846156 0.055288461538461536 0.13221153846153846
2 0.7536057692307693 0.4110576923076923 0.09615384615384616 0.11778846153846154
2 0.5661057692307693 0.21033653846153846 0.03125 0.0673076923076923
2 0.3954326923076923 0.34975961538461536 0.07932692307692307 0.11538461538461539
2 0.4831730769230769 0.36177884615384615 0.08413461538461539 0.125
3 0.10096153846153846 0.8185096153846154 0.20192307692307693 0.31009615384615385
3 0.7956730769230769 0.8088942307692307 0.21153846153846154 0.37740384615384615