1 0.27884615384615385 0.9471153846153846 0.16826923076923078 0.10096153846153846
1 0.4338942307692308 0.9170673076923077 0.18028846153846154 0.16105769230769232
1 0.6694711538461539 0.7644230769230769 0.1466346153846154 0.18028846153846154
1 0.16466346153846154 0.5528846153846154 0.11538461538461539 0.10336538461538461
1 0.3076923076923077 0.5168269230769231 0.17067307692307693 0.11298076923076923
1 0.5564903846153846 0.5348557692307693 0.16105769230769232 0.12980769230769232
1 0.734375 0.39903846153846156 0.12740384615384615 0.10096153846153846
1 0.5625 0.38822115384615385 0.06971153846153846 0.0673076923076923
1 0.49399038461538464 0.34375 0.04326923076923077 0.06971153846153846
1 0.49038461538461536 0.29447115384615385 0.028846153846153848 0.04326923076923077
1 0.43028846153846156 0.296875 0.038461538461538464 0.052884615384615384
1 0.4699519230769231 0.2403846153846154 0.019230769230769232 0.03125
1 0.43028846153846156 0.21514423076923078 0.016826923076923076 0.02403846153846154
2 0.19831730769230768 0.8028846153846154 0.057692307692307696 0.16826923076923078
2 0.3329326923076923 0.7680288461538461 0.07692307692307693 0.19230769230769232
2 0.6153846153846154 0.6346153846153846 0.040865384615384616 0.12259615384615384
2 0.7644230769230769 0.7103365384615384 0.04326923076923077 0.14423076923076922
2 0.4206730769230769 0.35096153846153844 0.02403846153846154 0.07692307692307693
2 0.45072115384615385 0.3293269230769231 0.021634615384615384 0.06490384615384616
3 0.10216346153846154 0.9519230769230769 0.17548076923076922 0.09134615384615384
3 0.8076923076923077 0.8798076923076923 0.19230769230769232 0.21875