1 0.2704326923076923 0.7175480769230769 0.14903846153846154 0.2548076923076923
1 0.640625 0.8834134615384616 0.2091346153846154 0.2283653846153846
1 0.8173076923076923 0.859375 0.17067307692307693 0.27884615384615385
1 0.6358173076923077 0.6850961538461539 0.1466346153846154 0.19951923076923078
1 0.4699519230769231 0.34134615384615385 0.18269230769230768 0.10817307692307693
1 0.16826923076923078 0.16826923076923078 0.07692307692307693 0.06490384615384616
1 0.2980769230769231 0.15865384615384615 0.0673076923076923 0.057692307692307696
1 0.6081730769230769 0.2512019230769231 0.09375 0.07211538461538461
1 0.6021634615384616 0.21514423076923078 0.08173076923076923 0.052884615384615384
1 0.33533653846153844 0.13942307692307693 0.038461538461538464 0.057692307692307696
1 0.40625 0.1875 0.036057692307692304 0.06009615384615385
1 0.3954326923076923 0.16346153846153846 0.04326923076923077 0.05048076923076923
1 0.5024038461538461 0.140625 0.028846153846153848 0.036057692307692304
1 0.5336538461538461 0.15504807692307693 0.03365384615384615 0.038461538461538464
2 0.09735576923076923 0.7103365384615384 0.07451923076923077 0.22355769230769232
2 0.26802884615384615 0.5576923076923077 0.07451923076923077 0.09375
2 0.4735576923076923 0.5060096153846154 0.0673076923076923 0.12980769230769232
2 0.5432692307692307 0.6887019230769231 0.040865384615384616 0.19471153846153846
2 0.7307692307692307 0.6478365384615384 0.06490384615384616 0.1778846153846154
2 0.9567307692307693 0.9375 0.0625 0.1201923076923077
2 0.43028846153846156 0.15144230769230768 0.01201923076923077 0.04326923076923077
2 0.4699519230769231 0.15985576923076922 0.016826923076923076 0.05048076923076923
3 0.4543269230769231 0.7560096153846154 0.15384615384615385 0.37740384615384615
3 0.5120192307692307 0.203125 0.057692307692307696 0.10096153846153846