1 0.6370192307692307 0.8966346153846154 0.18269230769230768 0.20192307692307693
1 0.5084134615384616 0.8665865384615384 0.18990384615384615 0.2620192307692308
1 0.32211538461538464 0.6478365384615384 0.15144230769230768 0.18028846153846154
1 0.7115384615384616 0.47836538461538464 0.16105769230769232 0.10817307692307693
1 0.4831730769230769 0.4723557692307692 0.15625 0.12259615384615384
1 0.31971153846153844 0.33052884615384615 0.11538461538461539 0.08413461538461539
1 0.46033653846153844 0.3269230769230769 0.06490384615384616 0.07692307692307693
1 0.5192307692307693 0.29447115384615385 0.04326923076923077 0.06009615384615385
1 0.5240384615384616 0.25 0.03125 0.040865384615384616
1 0.5733173076923077 0.25961538461538464 0.036057692307692304 0.052884615384615384
1 0.5420673076923077 0.203125 0.021634615384615384 0.036057692307692304
1 0.5841346153846154 0.18389423076923078 0.021634615384615384 0.028846153846153848
2 0.9026442307692307 0.9483173076923077 0.06971153846153846 0.0985576923076923
2 0.7307692307692307 0.7331730769230769 0.07451923076923077 0.1778846153846154
2 0.6165865384615384 0.6923076923076923 0.07932692307692307 0.16826923076923078
2 0.38341346153846156 0.5360576923076923 0.04567307692307692 0.1346153846153846
2 0.23918269230769232 0.5865384615384616 0.05048076923076923 0.14423076923076922
2 0.5829326923076923 0.3004807692307692 0.021634615384615384 0.05048076923076923
2 0.5540865384615384 0.28966346153846156 0.02403846153846154 0.052884615384615384
3 0.8052884615384616 0.9086538461538461 0.1971153846153846 0.1778846153846154
3 0.17307692307692307 0.8040865384615384 0.18990384615384615 0.31971153846153844