1 0.2283653846153846 0.7487980769230769 0.18269230769230768 0.2860576923076923
1 0.65625 0.8677884615384616 0.2403846153846154 0.25240384615384615
1 0.8449519230769231 0.8112980769230769 0.1971153846153846 0.2980769230769231
1 0.6237980769230769 0.6670673076923077 0.1778846153846154 0.25
1 0.3641826923076923 0.18509615384615385 0.09375 0.08653846153846154
1 0.49278846153846156 0.28846153846153844 0.1466346153846154 0.12980769230769232
1 0.039663461538461536 0.17067307692307693 0.07932692307692307 0.08173076923076923
1 0.21033653846153846 0.11177884615384616 0.05048076923076923 0.06009615384615385
1 0.29927884615384615 0.14423076923076922 0.04807692307692308 0.052884615384615384
1 0.3317307692307692 0.15504807692307693 0.06971153846153846 0.06490384615384616
1 0.41947115384615385 0.10817307692307693 0.04326923076923077 0.040865384615384616
1 0.390625 0.14543269230769232 0.06009615384615385 0.04807692307692308
1 0.4963942307692308 0.16346153846153846 0.08173076923076923 0.07932692307692307
1 0.5961538461538461 0.171875 0.0625 0.08173076923076923
2 0.08533653846153846 0.6237980769230769 0.08653846153846154 0.20432692307692307
2 0.5228365384615384 0.6814903846153846 0.0625 0.21394230769230768
2 0.7235576923076923 0.5949519230769231 0.0673076923076923 0.18028846153846154
2 0.6706730769230769 0.5132211538461539 0.057692307692307696 0.17307692307692307
2 0.9807692307692307 0.8822115384615384 0.03365384615384615 0.13942307692307693
2 0.5528846153846154 0.35216346153846156 0.04567307692307692 0.12980769230769232
2 0.47716346153846156 0.1814903846153846 0.036057692307692304 0.06971153846153846
3 0.34134615384615385 0.09735576923076923 0.04326923076923077 0.052884615384615384
3 0.4362980769230769 0.7692307692307693 0.18990384615384615 0.43509615384615385