1 0.23677884615384615 0.8257211538461539 0.3004807692307692 0.34375
1 0.46274038461538464 0.8461538461538461 0.2860576923076923 0.30288461538461536
1 0.7704326923076923 0.8052884615384616 0.2548076923076923 0.3557692307692308
1 0.9615384615384616 0.8870192307692307 0.07211538461538461 0.15384615384615385
1 0.9459134615384616 0.6766826923076923 0.10336538461538461 0.2956730769230769
1 0.8040865384615384 0.5853365384615384 0.1875 0.2932692307692308
1 0.5012019230769231 0.6394230769230769 0.18990384615384615 0.24519230769230768
1 0.3389423076923077 0.5901442307692307 0.24519230769230768 0.3004807692307692
1 0.47115384615384615 0.18269230769230768 0.13701923076923078 0.1346153846153846
2 0.2283653846153846 0.9098557692307693 0.125 0.17548076923076922
2 0.7199519230769231 0.38341346153846156 0.08653846153846154 0.21394230769230768
2 0.7764423076923077 0.36778846153846156 0.09615384615384616 0.17067307692307693
2 0.9375 0.41346153846153844 0.08653846153846154 0.23798076923076922
2 0.8954326923076923 0.35216346153846156 0.06009615384615385 0.19951923076923078
0 0.7463942307692307 0.14182692307692307 0.46875 0.28365384615384615