1 0.8653846153846154 0.8052884615384616 0.17548076923076922 0.2764423076923077
1 0.7103365384615384 0.7668269230769231 0.1875 0.28846153846153844
1 0.6274038461538461 0.9507211538461539 0.21875 0.09615384615384616
1 0.45552884615384615 0.5348557692307693 0.13221153846153846 0.16105769230769232
1 0.8774038461538461 0.3161057692307692 0.16826923076923078 0.1201923076923077
1 0.5096153846153846 0.17067307692307693 0.0985576923076923 0.09134615384615384
1 0.5961538461538461 0.13701923076923078 0.052884615384615384 0.06490384615384616
1 0.6105769230769231 0.10216346153846154 0.03365384615384615 0.052884615384615384
1 0.6634615384615384 0.057692307692307696 0.028846153846153848 0.052884615384615384
1 0.6033653846153846 0.052884615384615384 0.03125 0.04326923076923077
1 0.6177884615384616 0.01201923076923077 0.019230769230769232 0.02403846153846154
1 0.6514423076923077 0.025240384615384616 0.02403846153846154 0.038461538461538464
2 0.796875 0.5384615384615384 0.07211538461538461 0.18990384615384615
2 0.9290865384615384 0.5625 0.06971153846153846 0.1875
2 0.5012019230769231 0.4098557692307692 0.036057692307692304 0.14182692307692307
2 0.4807692307692308 0.38221153846153844 0.06009615384615385 0.14182692307692307
2 0.3545673076923077 0.5084134615384616 0.0625 0.15625
2 0.6923076923076923 0.09975961538461539 0.019230769230769232 0.06009615384615385
2 0.6490384615384616 0.08052884615384616 0.021634615384615384 0.06490384615384616
3 0.9735576923076923 0.828125 0.04807692307692308 0.31009615384615385
3 0.3269230769230769 0.7860576923076923 0.20673076923076922 0.4230769230769231