1 0.39903846153846156 0.6514423076923077 0.17307692307692307 0.3173076923076923
1 0.44591346153846156 0.875 0.21153846153846154 0.24519230769230768
1 0.7692307692307693 0.09134615384615384 0.15144230769230768 0.11538461538461539
1 0.9879807692307693 0.04807692307692308 0.019230769230769232 0.09615384615384616
1 0.9483173076923077 0.010817307692307692 0.057692307692307696 0.019230769230769232
1 0.2932692307692308 0.38341346153846156 0.13221153846153846 0.1971153846153846
1 0.15985576923076922 0.5528846153846154 0.15865384615384615 0.2644230769230769
1 0.11298076923076923 0.8317307692307693 0.22355769230769232 0.3317307692307692
2 0.8137019230769231 0.6033653846153846 0.06009615384615385 0.27163461538461536
2 0.5264423076923077 0.33653846153846156 0.06009615384615385 0.18990384615384615
2 0.1310096153846154 0.22956730769230768 0.05048076923076923 0.17548076923076922
2 0.08653846153846154 0.2692307692307692 0.038461538461538464 0.1466346153846154