1 0.20552884615384615 0.7728365384615384 0.24278846153846154 0.3125
1 0.36778846153846156 0.8461538461538461 0.23798076923076922 0.3004807692307692
1 0.6213942307692307 0.8449519230769231 0.21394230769230768 0.30528846153846156
1 0.8377403846153846 0.9338942307692307 0.23798076923076922 0.12740384615384615
1 0.8329326923076923 0.7764423076923077 0.18990384615384615 0.25240384615384615
1 0.6862980769230769 0.6646634615384616 0.16105769230769232 0.24519230769230768
1 0.43990384615384615 0.65625 0.1466346153846154 0.19471153846153846
1 0.3233173076923077 0.5925480769230769 0.1971153846153846 0.23798076923076922
1 0.7427884615384616 0.10576923076923077 0.038461538461538464 0.04326923076923077
1 0.7379807692307693 0.12980769230769232 0.04326923076923077 0.036057692307692304
1 0.8257211538461539 0.203125 0.09134615384615384 0.07932692307692307
2 0.17427884615384615 0.8605769230769231 0.11057692307692307 0.2091346153846154
2 0.6971153846153846 0.49399038461538464 0.07932692307692307 0.13942307692307693
2 0.7487980769230769 0.4651442307692308 0.09134615384615384 0.15384615384615385
2 0.7944711538461539 0.49759615384615385 0.04567307692307692 0.15625
2 0.8161057692307693 0.5528846153846154 0.07211538461538461 0.1875
2 0.8449519230769231 0.3605769230769231 0.09615384615384616 0.12740384615384615
0 0.5709134615384616 0.25721153846153844 0.42788461538461536 0.30288461538461536