1 0.22716346153846154 0.7427884615384616 0.19230769230769232 0.25
1 0.38100961538461536 0.7487980769230769 0.16346153846153846 0.3581730769230769
1 0.3701923076923077 0.5456730769230769 0.12980769230769232 0.16105769230769232
1 0.5540865384615384 0.4963942307692308 0.11778846153846154 0.12740384615384615
1 0.6454326923076923 0.6478365384615384 0.1466346153846154 0.25
1 0.8521634615384616 0.8521634615384616 0.29086538461538464 0.24759615384615385
1 0.6550480769230769 0.45913461538461536 0.12259615384615384 0.15384615384615385
1 0.5853365384615384 0.2932692307692308 0.09134615384615384 0.11057692307692307
1 0.5661057692307693 0.18269230769230768 0.06971153846153846 0.06490384615384616
1 0.7644230769230769 0.20192307692307693 0.0625 0.06971153846153846
2 0.7163461538461539 0.5673076923076923 0.06490384615384616 0.20673076923076922
2 0.953125 0.7800480769230769 0.0889423076923077 0.24278846153846154
2 0.3088942307692308 0.171875 0.019230769230769232 0.05048076923076923
2 0.35216346153846156 0.17548076923076922 0.021634615384615384 0.05048076923076923
0 0.8389423076923077 0.09375 0.0673076923076923 0.08173076923076923
0 0.9002403846153846 0.15745192307692307 0.13701923076923078 0.16105769230769232
3 0.5588942307692307 0.7427884615384616 0.20192307692307693 0.40865384615384615