1 0.8221153846153846 0.8112980769230769 0.22596153846153846 0.3076923076923077
1 0.6394230769230769 0.859375 0.22115384615384615 0.27884615384615385
1 0.3701923076923077 0.8401442307692307 0.1875 0.3173076923076923
1 0.12379807692307693 0.921875 0.24278846153846154 0.15144230769230768
1 0.15384615384615385 0.734375 0.17307692307692307 0.25
1 0.3245192307692308 0.6346153846153846 0.14182692307692307 0.24519230769230768
1 0.5877403846153846 0.6574519230769231 0.1346153846153846 0.19230769230769232
1 0.7199519230769231 0.6045673076923077 0.18269230769230768 0.23317307692307693
1 0.33653846153846156 0.03485576923076923 0.036057692307692304 0.040865384615384616
1 0.3401442307692308 0.06009615384615385 0.04326923076923077 0.03365384615384615
1 0.23798076923076922 0.12620192307692307 0.09134615384615384 0.07451923076923077
2 0.8425480769230769 0.9002403846153846 0.09375 0.1971153846153846
2 0.33653846153846156 0.4519230769230769 0.0673076923076923 0.14182692307692307
2 0.28365384615384615 0.41346153846153844 0.07692307692307693 0.15625
2 0.23197115384615385 0.4423076923076923 0.028846153846153848 0.16346153846153846
2 0.20192307692307693 0.4987980769230769 0.052884615384615384 0.1971153846153846
2 0.19591346153846154 0.29086538461538464 0.0889423076923077 0.12740384615384615
0 0.5 0.21634615384615385 0.42788461538461536 0.27403846153846156