1 0.4266826923076923 0.6911057692307693 0.15144230769230768 0.2692307692307692
1 0.4639423076923077 0.8810096153846154 0.1778846153846154 0.23317307692307693
1 0.34134615384615385 0.4675480769230769 0.11538461538461539 0.18269230769230768
1 0.2247596153846154 0.6081730769230769 0.13942307692307693 0.22355769230769232
1 0.16706730769230768 0.8497596153846154 0.23317307692307693 0.28846153846153844
1 0.9567307692307693 0.19110576923076922 0.057692307692307696 0.0889423076923077
1 0.9723557692307693 0.15144230769230768 0.05048076923076923 0.08653846153846154
1 0.9026442307692307 0.14182692307692307 0.057692307692307696 0.0673076923076923
1 0.8701923076923077 0.125 0.04326923076923077 0.06490384615384616
2 0.7680288461538461 0.6418269230769231 0.0673076923076923 0.23317307692307693
2 0.16947115384615385 0.37259615384615385 0.040865384615384616 0.11778846153846154