1 0.109375 0.8197115384615384 0.21153846153846154 0.31009615384615385
1 0.31490384615384615 0.8137019230769231 0.16346153846153846 0.36778846153846156
1 0.30288461538461536 0.5649038461538461 0.1466346153846154 0.20192307692307693
1 0.5637019230769231 0.5276442307692307 0.14903846153846154 0.16105769230769232
1 0.6442307692307693 0.6826923076923077 0.15865384615384615 0.2932692307692308
1 0.6634615384615384 0.47836538461538464 0.1346153846153846 0.18269230769230768
1 0.49399038461538464 0.2776442307692308 0.0889423076923077 0.12259615384615384
1 0.6790865384615384 0.17067307692307693 0.08173076923076923 0.08653846153846154
1 0.6730769230769231 0.10096153846153846 0.06971153846153846 0.0625
1 0.8425480769230769 0.21514423076923078 0.08653846153846154 0.07451923076923077
1 0.8617788461538461 0.9254807692307693 0.27163461538461536 0.14423076923076922
0 0.8605769230769231 0.12379807692307693 0.21153846153846154 0.1658653846153846
0 0.8822115384615384 0.030048076923076924 0.057692307692307696 0.06009615384615385
3 0.5396634615384616 0.7932692307692307 0.21394230769230768 0.40865384615384615