1 0.11298076923076923 0.8978365384615384 0.22596153846153846 0.18509615384615385
1 0.3317307692307692 0.7223557692307693 0.15625 0.23798076923076922
1 0.34375 0.8786057692307693 0.18509615384615385 0.23557692307692307
1 0.6310096153846154 0.6814903846153846 0.16346153846153846 0.18269230769230768
1 0.6899038461538461 0.8449519230769231 0.18269230769230768 0.30528846153846156
1 0.71875 0.6322115384615384 0.14182692307692307 0.21634615384615385
1 0.5300480769230769 0.41225961538461536 0.09375 0.14182692307692307
1 0.7199519230769231 0.31490384615384615 0.08413461538461539 0.08653846153846154
1 0.8725961538461539 0.3762019230769231 0.09375 0.11298076923076923
1 0.7740384615384616 0.22596153846153846 0.0673076923076923 0.06971153846153846
2 0.8040865384615384 0.7560096153846154 0.0625 0.2692307692307692
2 0.4338942307692308 0.21153846153846154 0.026442307692307692 0.06490384615384616
2 0.38100961538461536 0.1875 0.021634615384615384 0.057692307692307696
2 0.7007211538461539 0.33653846153846156 0.04326923076923077 0.09134615384615384
0 0.9675480769230769 0.16706730769230768 0.06009615384615385 0.055288461538461536
0 0.8978365384615384 0.2704326923076923 0.19951923076923078 0.18028846153846154
3 0.59375 0.8834134615384616 0.2403846153846154 0.2283653846153846