1 0.16826923076923078 0.8677884615384616 0.2644230769230769 0.25961538461538464
1 0.36177884615384615 0.8870192307692307 0.2860576923076923 0.22115384615384615
1 0.6598557692307693 0.8365384615384616 0.25961538461538464 0.3125
1 0.9074519230769231 0.8894230769230769 0.18028846153846154 0.12980769230769232
1 0.8834134615384616 0.7151442307692307 0.2283653846153846 0.31009615384615385
1 0.6826923076923077 0.6490384615384616 0.21153846153846154 0.3004807692307692
1 0.38822115384615385 0.7163461538461539 0.1875 0.24519230769230768
1 0.23197115384615385 0.6754807692307693 0.2548076923076923 0.30528846153846156
1 0.5661057692307693 0.019230769230769232 0.055288461538461536 0.038461538461538464
1 0.7091346153846154 0.052884615384615384 0.1201923076923077 0.10576923076923077
2 0.140625 0.9543269230769231 0.12740384615384615 0.08653846153846154
2 0.6382211538461539 0.43509615384615385 0.10576923076923077 0.17307692307692307
2 0.6862980769230769 0.38221153846153844 0.11538461538461539 0.18269230769230768
2 0.7572115384615384 0.4098557692307692 0.07692307692307693 0.1971153846153846
2 0.796875 0.4651442307692308 0.09375 0.23798076923076922
2 0.8004807692307693 0.21995192307692307 0.125 0.1658653846153846
0 0.42427884615384615 0.21153846153846154 0.5625 0.3894230769230769