1 0.203125 0.7848557692307693 0.1658653846153846 0.30528846153846156
1 0.6358173076923077 0.9074519230769231 0.22596153846153846 0.18028846153846154
1 0.6213942307692307 0.7247596153846154 0.17067307692307693 0.23317307692307693
1 0.8353365384615384 0.8725961538461539 0.18269230769230768 0.24278846153846154
1 0.055288461538461536 0.16105769230769232 0.0889423076923077 0.07211538461538461
1 0.38341346153846156 0.19110576923076922 0.07451923076923077 0.07692307692307693
1 0.29927884615384615 0.14543269230769232 0.06009615384615385 0.06490384615384616
1 0.2403846153846154 0.12259615384615384 0.04326923076923077 0.0673076923076923
1 0.5360576923076923 0.21394230769230768 0.10336538461538461 0.07932692307692307
1 0.4891826923076923 0.1935096153846154 0.08413461538461539 0.0625
1 0.4326923076923077 0.1622596153846154 0.038461538461538464 0.06490384615384616
1 0.47475961538461536 0.12740384615384615 0.040865384615384616 0.04807692307692308
2 0.07091346153846154 0.6370192307692307 0.07451923076923077 0.22355769230769232
2 0.5120192307692307 0.7379807692307693 0.04567307692307692 0.23076923076923078
2 0.7319711538461539 0.671875 0.06490384615384616 0.2091346153846154
2 0.6995192307692307 0.6033653846153846 0.052884615384615384 0.18269230769230768
2 0.9819711538461539 0.9471153846153846 0.03125 0.08653846153846154
2 0.5564903846153846 0.42427884615384615 0.038461538461538464 0.15384615384615385
2 0.43149038461538464 0.1935096153846154 0.028846153846153848 0.07211538461538461
3 0.3485576923076923 0.14543269230769232 0.036057692307692304 0.10096153846153846
3 0.4170673076923077 0.7944711538461539 0.17548076923076922 0.40625