1 0.1814903846153846 0.20673076923076922 0.13701923076923078 0.10336538461538461
1 0.02283653846153846 0.1875 0.04567307692307692 0.08653846153846154
1 0.008413461538461538 0.15264423076923078 0.016826923076923076 0.09375
1 0.5733173076923077 0.6658653846153846 0.17067307692307693 0.2764423076923077
1 0.5444711538461539 0.8689903846153846 0.19471153846153846 0.25721153846153844
1 0.6478365384615384 0.42908653846153844 0.125 0.1875
1 0.7728365384615384 0.5709134615384616 0.15625 0.23798076923076922
1 0.8473557692307693 0.8209134615384616 0.24519230769230768 0.32211538461538464
1 0.057692307692307696 0.12740384615384615 0.052884615384615384 0.06490384615384616
1 0.0889423076923077 0.1141826923076923 0.052884615384615384 0.06971153846153846
1 0.42788461538461536 0.014423076923076924 0.021634615384615384 0.02403846153846154
2 0.21995192307692307 0.6514423076923077 0.07211538461538461 0.2403846153846154
2 0.4735576923076923 0.3894230769230769 0.06490384615384616 0.15625
2 0.7980769230769231 0.28365384615384615 0.05048076923076923 0.14423076923076922