1 0.7512019230769231 0.5336538461538461 0.13221153846153846 0.1971153846153846
1 0.6274038461538461 0.5444711538461539 0.10576923076923077 0.25721153846153844
1 0.5877403846153846 0.45072115384615385 0.10576923076923077 0.16826923076923078
1 0.40384615384615385 0.5456730769230769 0.09134615384615384 0.20673076923076922
1 0.43990384615384615 0.390625 0.07692307692307693 0.11298076923076923
1 0.4519230769230769 0.8774038461538461 0.21634615384615385 0.2403846153846154
1 0.2932692307692308 0.7536057692307693 0.20432692307692307 0.2956730769230769
1 0.3112980769230769 0.39903846153846156 0.10336538461538461 0.1466346153846154
1 0.4567307692307692 0.18870192307692307 0.0625 0.07211538461538461
1 0.25600961538461536 0.25240384615384615 0.0625 0.08413461538461539
1 0.03485576923076923 0.22115384615384615 0.06971153846153846 0.07211538461538461
1 0.020432692307692308 0.15144230769230768 0.040865384615384616 0.04807692307692308
2 0.9182692307692307 0.8257211538461539 0.07932692307692307 0.30288461538461536
2 0.20192307692307693 0.6538461538461539 0.07451923076923077 0.2091346153846154
2 0.5913461538461539 0.10697115384615384 0.016826923076923076 0.052884615384615384
2 0.6286057692307693 0.11057692307692307 0.016826923076923076 0.05048076923076923
0 0.07572115384615384 0.12980769230769232 0.06009615384615385 0.08413461538461539
3 0.49278846153846156 0.6045673076923077 0.1466346153846154 0.3293269230769231