1 0.8497596153846154 0.8473557692307693 0.2644230769230769 0.2932692307692308
1 0.6370192307692307 0.8834134615384616 0.25961538461538464 0.2283653846153846
1 0.32572115384615385 0.8617788461538461 0.2283653846153846 0.27163461538461536
1 0.09735576923076923 0.9627403846153846 0.17548076923076922 0.06971153846153846
1 0.09134615384615384 0.7980769230769231 0.17548076923076922 0.29086538461538464
1 0.27163461538461536 0.6802884615384616 0.1658653846153846 0.28125
1 0.7247596153846154 0.6394230769230769 0.21634615384615385 0.27884615384615385
1 0.5733173076923077 0.6983173076923077 0.16105769230769232 0.22596153846153846
1 0.25600961538461536 0.2247596153846154 0.21153846153846154 0.15865384615384615
1 0.23557692307692307 0.07451923076923077 0.09375 0.08653846153846154
2 0.8713942307692307 0.9242788461538461 0.11538461538461539 0.13701923076923078
2 0.44471153846153844 0.6105769230769231 0.07211538461538461 0.24278846153846154
2 0.35697115384615385 0.5432692307692307 0.08173076923076923 0.2283653846153846
2 0.12620192307692307 0.5252403846153846 0.06971153846153846 0.23076923076923078
2 0.15384615384615385 0.46153846153846156 0.052884615384615384 0.20192307692307693
2 0.39302884615384615 0.19230769230769232 0.07451923076923077 0.11057692307692307
2 0.27403846153846156 0.11177884615384616 0.057692307692307696 0.09615384615384616
0 0.4567307692307692 0.08653846153846154 0.22596153846153846 0.17307692307692307