1 0.7776442307692307 0.8629807692307693 0.16826923076923078 0.21634615384615385
1 0.6478365384615384 0.859375 0.18028846153846154 0.25961538461538464
1 0.41346153846153844 0.6875 0.125 0.1466346153846154
1 0.7475961538461539 0.4639423076923077 0.15144230769230768 0.11778846153846154
1 0.4254807692307692 0.375 0.0889423076923077 0.08413461538461539
1 0.4951923076923077 0.33774038461538464 0.05048076923076923 0.06009615384615385
1 0.5048076923076923 0.3076923076923077 0.03125 0.04807692307692308
1 0.5456730769230769 0.265625 0.028846153846153848 0.04807692307692308
1 0.49399038461538464 0.2668269230769231 0.03125 0.038461538461538464
1 0.5012019230769231 0.2247596153846154 0.016826923076923076 0.028846153846153848
1 0.5324519230769231 0.23918269230769232 0.021634615384615384 0.03365384615384615
2 0.7007211538461539 0.6598557692307693 0.07932692307692307 0.1658653846153846
2 0.8137019230769231 0.6670673076923077 0.07451923076923077 0.16346153846153846
2 0.43990384615384615 0.578125 0.04326923076923077 0.12259615384615384
2 0.4206730769230769 0.5552884615384616 0.0625 0.12259615384615384
2 0.32572115384615385 0.6730769230769231 0.06490384615384616 0.1346153846153846
2 0.5733173076923077 0.29927884615384615 0.021634615384615384 0.052884615384615384
2 0.5360576923076923 0.2860576923076923 0.02403846153846154 0.055288461538461536
3 0.9194711538461539 0.84375 0.15625 0.21634615384615385
3 0.32091346153846156 0.8605769230769231 0.20432692307692307 0.27403846153846156