1 0.6237980769230769 0.8245192307692307 0.18028846153846154 0.34615384615384615
1 0.421875 0.8846153846153846 0.19951923076923078 0.22596153846153846
1 0.375 0.5420673076923077 0.13942307692307693 0.17548076923076922
1 0.10576923076923077 0.29927884615384615 0.12740384615384615 0.1201923076923077
1 0.6478365384615384 0.18990384615384615 0.052884615384615384 0.052884615384615384
1 0.5132211538461539 0.18389423076923078 0.0625 0.06490384615384616
1 0.16105769230769232 0.12139423076923077 0.038461538461538464 0.052884615384615384
2 0.7632211538461539 0.7271634615384616 0.08173076923076923 0.20673076923076922
2 0.49038461538461536 0.5072115384615384 0.06009615384615385 0.15144230769230768
2 0.34375 0.7788461538461539 0.0985576923076923 0.24519230769230768
2 0.15865384615384615 0.8569711538461539 0.11298076923076923 0.20432692307692307
2 0.6538461538461539 0.3629807692307692 0.07211538461538461 0.0985576923076923
2 0.7115384615384616 0.15625 0.01201923076923077 0.03365384615384615
3 0.3737980769230769 0.33653846153846156 0.20673076923076922 0.19951923076923078
3 0.21634615384615385 0.21634615384615385 0.11298076923076923 0.12259615384615384
3 0.11177884615384616 0.08653846153846154 0.0673076923076923 0.10817307692307693