1 0.7403846153846154 0.8341346153846154 0.2548076923076923 0.3173076923076923
1 0.5649038461538461 0.8653846153846154 0.25 0.2644230769230769
1 0.30288461538461536 0.8052884615384616 0.22355769230769232 0.3293269230769231
1 0.09014423076923077 0.8617788461538461 0.18028846153846154 0.19951923076923078
1 0.11057692307692307 0.6778846153846154 0.19471153846153846 0.25
1 0.2824519230769231 0.6081730769230769 0.1658653846153846 0.24759615384615385
1 0.53125 0.6646634615384616 0.15865384615384615 0.22115384615384615
1 0.6610576923076923 0.625 0.2091346153846154 0.25240384615384615
1 0.33533653846153844 0.1466346153846154 0.125 0.0889423076923077
1 0.12860576923076922 0.2091346153846154 0.20673076923076922 0.1658653846153846
1 0.359375 0.039663461538461536 0.038461538461538464 0.0625
2 0.7463942307692307 0.9098557692307693 0.11778846153846154 0.17548076923076922
2 0.41586538461538464 0.6899038461538461 0.10096153846153846 0.25
2 0.40384615384615385 0.5901442307692307 0.0889423076923077 0.21875
2 0.18269230769230768 0.46153846153846156 0.07692307692307693 0.19230769230769232
2 0.2127403846153846 0.40865384615384615 0.057692307692307696 0.16346153846153846
2 0.3737980769230769 0.1971153846153846 0.06490384615384616 0.0985576923076923
0 0.5120192307692307 0.1346153846153846 0.20432692307692307 0.17548076923076922