1 0.45913461538461536 0.9362980769230769 0.1971153846153846 0.12259615384615384
1 0.43028846153846156 0.7295673076923077 0.16105769230769232 0.28125
1 0.15985576923076922 0.8629807692307693 0.23557692307692307 0.2548076923076923
1 0.34615384615384615 0.49399038461538464 0.11778846153846154 0.1778846153846154
1 0.22355769230769232 0.640625 0.14903846153846154 0.23798076923076922
1 0.9795673076923077 0.33533653846153844 0.036057692307692304 0.13701923076923078
1 0.6165865384615384 0.23798076923076922 0.125 0.0985576923076923
1 0.5588942307692307 0.06370192307692307 0.02403846153846154 0.04326923076923077
2 0.8173076923076923 0.7752403846153846 0.07932692307692307 0.27163461538461536
2 0.28846153846153844 0.3798076923076923 0.0625 0.14423076923076922
2 0.171875 0.39302884615384615 0.04326923076923077 0.12740384615384615