1 0.7151442307692307 0.7764423076923077 0.2980769230769231 0.375
1 0.49399038461538464 0.8125 0.3004807692307692 0.3701923076923077
1 0.19110576923076922 0.7403846153846154 0.2644230769230769 0.39663461538461536
1 0.02283653846153846 0.8353365384615384 0.04567307692307692 0.21875
1 0.039663461538461536 0.5997596153846154 0.07932692307692307 0.2956730769230769
1 0.16826923076923078 0.5024038461538461 0.19471153846153846 0.2956730769230769
1 0.6225961538461539 0.5252403846153846 0.24519230769230768 0.2980769230769231
1 0.4639423076923077 0.5625 0.18269230769230768 0.2403846153846154
1 0.21754807692307693 0.06971153846153846 0.2283653846153846 0.13942307692307693
2 0.7223557692307693 0.875 0.1466346153846154 0.24519230769230768
2 0.3485576923076923 0.4579326923076923 0.09615384615384616 0.25
2 0.27163461538461536 0.3786057692307692 0.10576923076923077 0.23557692307692307
2 0.04807692307692308 0.33052884615384615 0.0889423076923077 0.23557692307692307
2 0.0829326923076923 0.2692307692307692 0.07451923076923077 0.20432692307692307
2 0.3557692307692308 0.04927884615384615 0.08653846153846154 0.0985576923076923