1 0.7091346153846154 0.8305288461538461 0.19951923076923078 0.3173076923076923
1 0.25 0.9519230769230769 0.25 0.09134615384615384
1 0.25240384615384615 0.8088942307692307 0.19230769230769232 0.25961538461538464
1 0.08052884615384616 0.9230769230769231 0.11298076923076923 0.14903846153846154
1 0.8137019230769231 0.14182692307692307 0.09375 0.08653846153846154
1 0.6045673076923077 0.1141826923076923 0.052884615384615384 0.07451923076923077
1 0.49759615384615385 0.18028846153846154 0.0673076923076923 0.07932692307692307
1 0.5216346153846154 0.14423076923076922 0.04326923076923077 0.07451923076923077
1 0.42908653846153844 0.21153846153846154 0.09375 0.09375
1 0.3137019230769231 0.2644230769230769 0.12259615384615384 0.0985576923076923
1 0.23918269230769232 0.24519230769230768 0.09615384615384616 0.08413461538461539
1 0.3942307692307692 0.15144230769230768 0.04807692307692308 0.038461538461538464
2 0.84375 0.6610576923076923 0.09375 0.23317307692307693
2 0.2692307692307692 0.45552884615384615 0.04807692307692308 0.15865384615384615
2 0.36538461538461536 0.8052884615384616 0.057692307692307696 0.2403846153846154
2 0.16947115384615385 0.6502403846153846 0.06971153846153846 0.18269230769230768
2 0.12980769230769232 0.7644230769230769 0.08173076923076923 0.22115384615384615
2 0.1875 0.27283653846153844 0.04807692307692308 0.09134615384615384
3 0.47836538461538464 0.8209134615384616 0.20192307692307693 0.35336538461538464
3 0.4831730769230769 0.12740384615384615 0.04326923076923077 0.08413461538461539