1 0.6778846153846154 0.7788461538461539 0.17548076923076922 0.27403846153846156
1 0.2764423076923077 0.8677884615384616 0.23076923076923078 0.23317307692307693
1 0.3125 0.6814903846153846 0.17067307692307693 0.22115384615384615
1 0.10096153846153846 0.8125 0.19471153846153846 0.28365384615384615
1 0.8810096153846154 0.23798076923076922 0.08653846153846154 0.06971153846153846
1 0.828125 0.21875 0.07451923076923077 0.06971153846153846
1 0.7199519230769231 0.17908653846153846 0.040865384615384616 0.057692307692307696
1 0.6802884615384616 0.19831730769230768 0.0673076923076923 0.057692307692307696
1 0.6286057692307693 0.2247596153846154 0.057692307692307696 0.07451923076923077
1 0.5228365384615384 0.16947115384615385 0.038461538461538464 0.05048076923076923
1 0.5697115384615384 0.15865384615384615 0.03125 0.036057692307692304
1 0.3641826923076923 0.21995192307692307 0.07932692307692307 0.07451923076923077
1 0.34615384615384615 0.2536057692307692 0.055288461538461536 0.0673076923076923
2 0.8449519230769231 0.8882211538461539 0.11298076923076923 0.21875
2 0.7884615384615384 0.7355769230769231 0.08173076923076923 0.21634615384615385
2 0.6430288461538461 0.5997596153846154 0.10817307692307693 0.16826923076923078
2 0.4050480769230769 0.7091346153846154 0.06490384615384616 0.21394230769230768
2 0.2283653846153846 0.6201923076923077 0.08413461538461539 0.18509615384615385
3 0.46274038461538464 0.21514423076923078 0.09375 0.12259615384615384
3 0.4879807692307692 0.7848557692307693 0.20192307692307693 0.40865384615384615