1 0.1971153846153846 0.8846153846153846 0.2692307692307692 0.22596153846153846
1 0.38341346153846156 0.9278846153846154 0.2668269230769231 0.13942307692307693
1 0.6875 0.875 0.21875 0.23317307692307693
1 0.90625 0.8040865384615384 0.18269230769230768 0.2956730769230769
1 0.44350961538461536 0.7896634615384616 0.1778846153846154 0.28125
1 0.2932692307692308 0.7223557692307693 0.2283653846153846 0.28125
1 0.7259615384615384 0.7127403846153846 0.1778846153846154 0.27163461538461536
1 0.6802884615384616 0.1935096153846154 0.1466346153846154 0.10817307692307693
1 0.6646634615384616 0.06850961538461539 0.04567307692307692 0.06490384615384616
1 0.9579326923076923 0.25600961538461536 0.052884615384615384 0.14182692307692307
2 0.18389423076923078 0.9627403846153846 0.10817307692307693 0.06971153846153846
2 0.5661057692307693 0.8040865384615384 0.08653846153846154 0.28846153846153844
2 0.5865384615384616 0.6971153846153846 0.09375 0.24519230769230768
2 0.8449519230769231 0.5516826923076923 0.08173076923076923 0.22115384615384615
2 0.8100961538461539 0.4951923076923077 0.052884615384615384 0.18509615384615385
2 0.6658653846153846 0.234375 0.06490384615384616 0.10336538461538461
0 0.4831730769230769 0.17067307692307693 0.23076923076923078 0.1875