1 0.8185096153846154 0.6550480769230769 0.17067307692307693 0.2668269230769231
1 0.7932692307692307 0.859375 0.1971153846153846 0.27163461538461536
1 0.47115384615384615 0.5637019230769231 0.18028846153846154 0.18509615384615385
1 0.41225961538461536 0.7512019230769231 0.1971153846153846 0.3269230769230769
1 0.390625 0.49158653846153844 0.14903846153846154 0.22355769230769232
1 0.6550480769230769 0.29086538461538464 0.10817307692307693 0.15865384615384615
1 0.4675480769230769 0.1658653846153846 0.08653846153846154 0.09375
1 0.3485576923076923 0.24879807692307693 0.09134615384615384 0.12980769230769232
2 0.2932692307692308 0.6430288461538461 0.06490384615384616 0.2764423076923077
2 0.0625 0.890625 0.11538461538461539 0.21394230769230768
2 0.5072115384615384 0.20192307692307693 0.036057692307692304 0.0985576923076923
2 0.7007211538461539 0.0673076923076923 0.021634615384615384 0.08413461538461539
2 0.7524038461538461 0.03365384615384615 0.021634615384615384 0.0673076923076923
0 0.28125 0.11298076923076923 0.21634615384615385 0.19230769230769232
0 0.14543269230769232 0.03365384615384615 0.0625 0.055288461538461536
3 0.49158653846153844 0.8689903846153846 0.2860576923076923 0.25721153846153844