1 0.3125 0.8209134615384616 0.1875 0.32211538461538464
1 0.4879807692307692 0.8425480769230769 0.19230769230769232 0.31009615384615385
1 0.6478365384615384 0.6262019230769231 0.14903846153846154 0.18990384615384615
1 0.5216346153846154 0.17668269230769232 0.04807692307692308 0.055288461538461536
1 0.5733173076923077 0.1971153846153846 0.055288461538461536 0.057692307692307696
1 0.6550480769230769 0.234375 0.055288461538461536 0.06971153846153846
2 0.3545673076923077 0.5288461538461539 0.0673076923076923 0.1466346153846154
2 0.43509615384615385 0.5384615384615384 0.0673076923076923 0.17067307692307693
2 0.49038461538461536 0.5396634615384616 0.06971153846153846 0.16826923076923078
2 0.5432692307692307 0.5528846153846154 0.07211538461538461 0.16826923076923078
3 0.4831730769230769 0.16947115384615385 0.052884615384615384 0.08413461538461539
3 0.8425480769230769 0.3137019230769231 0.19471153846153846 0.19230769230769232