1 0.23317307692307693 0.6947115384615384 0.17548076923076922 0.2764423076923077
1 0.6021634615384616 0.8846153846153846 0.23798076923076922 0.22596153846153846
1 0.7908653846153846 0.8653846153846154 0.1971153846153846 0.2644230769230769
1 0.6189903846153846 0.6923076923076923 0.17307692307692307 0.21875
1 0.1778846153846154 0.11658653846153846 0.0889423076923077 0.07451923076923077
1 0.20072115384615385 0.10096153846153846 0.07692307692307693 0.07211538461538461
1 0.35336538461538464 0.0985576923076923 0.04326923076923077 0.052884615384615384
1 0.3713942307692308 0.12620192307692307 0.06490384615384616 0.0673076923076923
1 0.4375 0.16826923076923078 0.06009615384615385 0.08173076923076923
1 0.7079326923076923 0.23557692307692307 0.04326923076923077 0.05048076923076923
1 0.5432692307692307 0.140625 0.03365384615384615 0.05048076923076923
1 0.4987980769230769 0.11658653846153846 0.036057692307692304 0.04326923076923077
2 0.04927884615384615 0.8245192307692307 0.0985576923076923 0.25
2 0.11899038461538461 0.6442307692307693 0.08173076923076923 0.2283653846153846
2 0.2644230769230769 0.5192307692307693 0.10096153846153846 0.12740384615384615
2 0.5216346153846154 0.6971153846153846 0.0625 0.21875
2 0.7151442307692307 0.6610576923076923 0.07932692307692307 0.1778846153846154
2 0.24278846153846154 0.1201923076923077 0.038461538461538464 0.0625
2 0.5012019230769231 0.17908653846153846 0.026442307692307692 0.07211538461538461
3 0.6334134615384616 0.21875 0.10336538461538461 0.10817307692307693
3 0.4206730769230769 0.7548076923076923 0.19471153846153846 0.4230769230769231