1 0.20552884615384615 0.7680288461538461 0.15625 0.40865384615384615
1 0.41346153846153844 0.734375 0.16105769230769232 0.34615384615384615
1 0.5540865384615384 0.45913461538461536 0.14423076923076922 0.19230769230769232
1 0.4074519230769231 0.019230769230769232 0.057692307692307696 0.038461538461538464
1 0.4891826923076923 0.02283653846153846 0.0673076923076923 0.04326923076923077
2 0.203125 0.39783653846153844 0.040865384615384616 0.1875
2 0.28125 0.4375 0.052884615384615384 0.19230769230769232
2 0.3581730769230769 0.39663461538461536 0.04567307692307692 0.18269230769230768
2 0.4230769230769231 0.39663461538461536 0.05048076923076923 0.1875
3 0.9579326923076923 0.11177884615384616 0.08173076923076923 0.20673076923076922
3 0.34615384615384615 0.027644230769230768 0.0625 0.052884615384615384