1 0.25721153846153844 0.6730769230769231 0.1778846153846154 0.27884615384615385
1 0.6382211538461539 0.8701923076923077 0.23798076923076922 0.2548076923076923
1 0.8293269230769231 0.8509615384615384 0.20192307692307693 0.2932692307692308
1 0.6514423076923077 0.6694711538461539 0.1778846153846154 0.23076923076923078
1 0.18990384615384615 0.08052884615384616 0.08653846153846154 0.07211538461538461
1 0.5012019230769231 0.14543269230769232 0.07451923076923077 0.06971153846153846
1 0.36899038461538464 0.06370192307692307 0.04807692307692308 0.0625
1 0.41466346153846156 0.09495192307692307 0.0673076923076923 0.06971153846153846
1 0.6754807692307693 0.20072115384615385 0.11057692307692307 0.09134615384615384
1 0.5997596153846154 0.16105769230769232 0.07692307692307693 0.07451923076923077
1 0.5757211538461539 0.10336538461538461 0.038461538461538464 0.04807692307692308
1 0.5396634615384616 0.1201923076923077 0.040865384615384616 0.052884615384615384
2 0.14903846153846154 0.5240384615384616 0.09134615384615384 0.21153846153846154
2 0.5480769230769231 0.6658653846153846 0.057692307692307696 0.21394230769230768
2 0.6177884615384616 0.3894230769230769 0.04807692307692308 0.14423076923076922
2 0.7524038461538461 0.6358173076923077 0.08173076923076923 0.20432692307692307
2 0.9471153846153846 0.9399038461538461 0.03365384615384615 0.11538461538461539
2 0.5516826923076923 0.15745192307692307 0.03125 0.06009615384615385
3 0.44711538461538464 0.7367788461538461 0.18990384615384615 0.42788461538461536
3 0.4639423076923077 0.10697115384615384 0.05048076923076923 0.10096153846153846