1 0.6742788461538461 0.7451923076923077 0.18028846153846154 0.2692307692307692
1 0.27524038461538464 0.8473557692307693 0.23557692307692307 0.2668269230769231
1 0.10697115384615384 0.78125 0.20432692307692307 0.2956730769230769
1 0.31850961538461536 0.6442307692307693 0.17067307692307693 0.21634615384615385
1 0.5504807692307693 0.33653846153846156 0.19471153846153846 0.12980769230769232
1 0.8810096153846154 0.2247596153846154 0.08413461538461539 0.07451923076923077
1 0.7536057692307693 0.18870192307692307 0.07451923076923077 0.06490384615384616
1 0.43028846153846156 0.22115384615384615 0.10096153846153846 0.08173076923076923
1 0.4423076923076923 0.18629807692307693 0.0889423076923077 0.0625
1 0.7211538461538461 0.1622596153846154 0.04567307692307692 0.06009615384615385
1 0.6418269230769231 0.1971153846153846 0.04326923076923077 0.06490384615384616
1 0.6574519230769231 0.17427884615384615 0.04807692307692308 0.055288461538461536
1 0.5540865384615384 0.13221153846153846 0.03125 0.040865384615384616
1 0.5216346153846154 0.13942307692307693 0.038461538461538464 0.04326923076923077
2 0.8473557692307693 0.7716346153846154 0.10096153846153846 0.23076923076923078
2 0.7079326923076923 0.5889423076923077 0.08653846153846154 0.10096153846153846
2 0.5144230769230769 0.49759615384615385 0.08173076923076923 0.1346153846153846
2 0.4110576923076923 0.6646634615384616 0.06490384615384616 0.1971153846153846
2 0.23317307692307693 0.5877403846153846 0.08413461538461539 0.18269230769230768
2 0.625 0.15745192307692307 0.016826923076923076 0.04326923076923077
2 0.5841346153846154 0.15625 0.021634615384615384 0.05048076923076923
3 0.4855769230769231 0.7475961538461539 0.19951923076923078 0.3918269230769231
3 0.5348557692307693 0.19110576923076922 0.06971153846153846 0.10576923076923077