1 0.7668269230769231 0.8197115384615384 0.15865384615384615 0.3557692307692308
1 0.5697115384615384 0.8040865384615384 0.15865384615384615 0.33413461538461536
1 0.4375 0.5384615384615384 0.13942307692307693 0.18509615384615385
1 0.7415865384615384 0.04447115384615385 0.028846153846153848 0.05048076923076923
1 0.5877403846153846 0.10336538461538461 0.055288461538461536 0.06490384615384616
1 0.5096153846153846 0.11298076923076923 0.06490384615384616 0.06009615384615385
2 0.7740384615384616 0.4855769230769231 0.04326923076923077 0.1778846153846154
2 0.6995192307692307 0.5228365384615384 0.052884615384615384 0.18269230769230768
2 0.6262019230769231 0.48197115384615385 0.04567307692307692 0.17548076923076922
2 0.5649038461538461 0.4807692307692308 0.05048076923076923 0.18028846153846154
3 0.051682692307692304 0.19951923076923078 0.09615384615384616 0.1971153846153846
3 0.057692307692307696 0.056490384615384616 0.0625 0.11298076923076923
3 0.6454326923076923 0.10096153846153846 0.06009615384615385 0.10576923076923077