1 0.7043269230769231 0.8377403846153846 0.15144230769230768 0.2283653846153846
1 0.5793269230769231 0.8197115384615384 0.15144230769230768 0.25721153846153844
1 0.5144230769230769 0.9603365384615384 0.17307692307692307 0.07451923076923077
1 0.36899038461538464 0.640625 0.12740384615384615 0.15865384615384615
1 0.6935096153846154 0.4170673076923077 0.14182692307692307 0.0889423076923077
1 0.4855769230769231 0.453125 0.13701923076923078 0.10336538461538461
1 0.3125 0.35216346153846156 0.10096153846153846 0.06971153846153846
1 0.4375 0.32572115384615385 0.055288461538461536 0.0673076923076923
1 0.48677884615384615 0.2848557692307692 0.036057692307692304 0.052884615384615384
1 0.4831730769230769 0.24278846153846154 0.026442307692307692 0.036057692307692304
1 0.5300480769230769 0.24278846153846154 0.028846153846153848 0.04807692307692308
1 0.49038461538461536 0.19951923076923078 0.016826923076923076 0.03125
1 0.5264423076923077 0.17307692307692307 0.019230769230769232 0.026442307692307692
2 0.9567307692307693 0.8701923076923077 0.052884615384615384 0.20432692307692307
2 0.7560096153846154 0.6442307692307693 0.055288461538461536 0.16105769230769232
2 0.6442307692307693 0.6286057692307693 0.06009615384615385 0.15144230769230768
2 0.40625 0.5276442307692307 0.03125 0.12259615384615384
2 0.2848557692307692 0.5985576923076923 0.03365384615384615 0.13221153846153846
2 0.5444711538461539 0.27884615384615385 0.014423076923076924 0.04567307692307692
2 0.5168269230769231 0.27403846153846156 0.019230769230769232 0.04807692307692308
3 0.8605769230769231 0.8497596153846154 0.1658653846153846 0.2692307692307692
3 0.2644230769230769 0.8305288461538461 0.15865384615384615 0.33413461538461536