1 0.7019230769230769 0.8822115384615384 0.1778846153846154 0.19471153846153846
1 0.5576923076923077 0.8786057692307693 0.19230769230769232 0.23798076923076922
1 0.30528846153846156 0.7283653846153846 0.1466346153846154 0.18509615384615385
1 0.6971153846153846 0.4639423076923077 0.15384615384615385 0.12259615384615384
1 0.31971153846153844 0.3798076923076923 0.0985576923076923 0.09615384615384616
1 0.3798076923076923 0.3449519230769231 0.04807692307692308 0.0673076923076923
1 0.38822115384615385 0.3076923076923077 0.03365384615384615 0.055288461538461536
1 0.3762019230769231 0.2704326923076923 0.026442307692307692 0.040865384615384616
1 0.42908653846153844 0.2644230769230769 0.028846153846153848 0.05048076923076923
1 0.41466346153846156 0.19831730769230768 0.019230769230769232 0.028846153846153848
2 0.9735576923076923 0.8641826923076923 0.04807692307692308 0.12259615384615384
2 0.7391826923076923 0.6911057692307693 0.08173076923076923 0.18028846153846154
2 0.6129807692307693 0.6790865384615384 0.09134615384615384 0.18509615384615385
2 0.3233173076923077 0.6081730769230769 0.052884615384615384 0.125
2 0.20793269230769232 0.7235576923076923 0.055288461538461536 0.1346153846153846
2 0.46274038461538464 0.2956730769230769 0.026442307692307692 0.055288461538461536
2 0.41947115384615385 0.28966346153846156 0.021634615384615384 0.04807692307692308
3 0.8689903846153846 0.8569711538461539 0.19951923076923078 0.18990384615384615
3 0.20432692307692307 0.8846153846153846 0.21153846153846154 0.22596153846153846