1 0.29086538461538464 0.7740384615384616 0.18269230769230768 0.3629807692307692
1 0.46634615384615385 0.7824519230769231 0.1778846153846154 0.30528846153846156
1 0.6177884615384616 0.5516826923076923 0.1466346153846154 0.18028846153846154
1 0.23557692307692307 0.25600961538461536 0.13221153846153846 0.12259615384615384
1 0.4206730769230769 0.09975961538461539 0.03365384615384615 0.05048076923076923
1 0.6274038461538461 0.1971153846153846 0.055288461538461536 0.06971153846153846
1 0.7115384615384616 0.21153846153846154 0.07211538461538461 0.0673076923076923
1 0.9555288461538461 0.1971153846153846 0.040865384615384616 0.05048076923076923
2 0.32572115384615385 0.5360576923076923 0.07932692307692307 0.13221153846153846
2 0.46875 0.5264423076923077 0.06490384615384616 0.18269230769230768
2 0.515625 0.4891826923076923 0.06971153846153846 0.1658653846153846
2 0.5829326923076923 0.625 0.0673076923076923 0.19230769230769232
2 0.5336538461538461 0.3088942307692308 0.052884615384615384 0.11057692307692307
3 0.5625 0.17908653846153846 0.07692307692307693 0.10336538461538461
3 0.9867788461538461 0.18269230769230768 0.021634615384615384 0.11538461538461539