1 0.5865384615384616 0.4963942307692308 0.1201923076923077 0.19230769230769232
1 0.7728365384615384 0.7007211538461539 0.17307692307692307 0.2860576923076923
1 0.6201923076923077 0.20552884615384615 0.1346153846153846 0.0985576923076923
1 0.7139423076923077 0.17427884615384615 0.1201923076923077 0.09375
1 0.8088942307692307 0.19591346153846154 0.08653846153846154 0.09615384615384616
1 0.8990384615384616 0.23317307692307693 0.16105769230769232 0.11538461538461539
1 0.9038461538461539 0.15625 0.1346153846153846 0.09375
1 0.7271634615384616 0.027644230769230768 0.026442307692307692 0.036057692307692304
1 0.7608173076923077 0.03365384615384615 0.040865384615384616 0.04326923076923077
1 0.7956730769230769 0.037259615384615384 0.038461538461538464 0.04807692307692308
2 0.6959134615384616 0.5360576923076923 0.057692307692307696 0.18990384615384615