1 0.5300480769230769 0.7163461538461539 0.1658653846153846 0.2860576923076923
1 0.47716346153846156 0.8846153846153846 0.19471153846153846 0.22596153846153846
1 0.6382211538461539 0.49399038461538464 0.125 0.18509615384615385
1 0.7379807692307693 0.6526442307692307 0.15625 0.24278846153846154
1 0.7716346153846154 0.8701923076923077 0.24519230769230768 0.2548076923076923
1 0.06009615384615385 0.15745192307692307 0.06490384615384616 0.0985576923076923
1 0.4951923076923077 0.04567307692307692 0.019230769230769232 0.028846153846153848
1 0.04927884615384615 0.11538461538461539 0.04326923076923077 0.07451923076923077
2 0.19951923076923078 0.6237980769230769 0.08173076923076923 0.23798076923076922
2 0.765625 0.375 0.07451923076923077 0.13942307692307693
2 0.8185096153846154 0.41225961538461536 0.04807692307692308 0.11538461538461539