1 0.29927884615384615 0.7548076923076923 0.15144230769230768 0.2692307692307692
1 0.6959134615384616 0.8858173076923077 0.21875 0.21875
1 0.6778846153846154 0.6959134615384616 0.15625 0.21153846153846154
1 0.8786057692307693 0.8473557692307693 0.18028846153846154 0.2644230769230769
1 0.16706730769230768 0.33653846153846156 0.125 0.11538461538461539
1 0.5540865384615384 0.3389423076923077 0.15865384615384615 0.11778846153846154
1 0.15504807692307693 0.1875 0.07692307692307693 0.06971153846153846
1 0.32572115384615385 0.14423076923076922 0.038461538461538464 0.04807692307692308
1 0.3401442307692308 0.17067307692307693 0.0625 0.0625
1 0.40625 0.1875 0.03365384615384615 0.057692307692307696
1 0.4206730769230769 0.16826923076923078 0.038461538461538464 0.052884615384615384
1 0.5348557692307693 0.22716346153846154 0.08413461538461539 0.07451923076923077
1 0.5444711538461539 0.20072115384615385 0.07451923076923077 0.055288461538461536
1 0.671875 0.22956730769230768 0.08413461538461539 0.06490384615384616
1 0.5480769230769231 0.14302884615384615 0.03125 0.04326923076923077
1 0.5228365384615384 0.125 0.019230769230769232 0.03125
2 0.1466346153846154 0.6730769230769231 0.07211538461538461 0.21394230769230768
2 0.578125 0.48197115384615385 0.04567307692307692 0.15625
2 0.5805288461538461 0.7127403846153846 0.040865384615384616 0.21875
2 0.7692307692307693 0.6454326923076923 0.0673076923076923 0.18990384615384615
3 0.49278846153846156 0.7872596153846154 0.15865384615384615 0.41586538461538464
3 0.46274038461538464 0.19471153846153846 0.04567307692307692 0.10576923076923077