1 0.21514423076923078 0.7836538461538461 0.21634615384615385 0.30288461538461536
1 0.39302884615384615 0.8449519230769231 0.21153846153846154 0.3076923076923077
1 0.6538461538461539 0.8064903846153846 0.1875 0.3125
1 0.8894230769230769 0.9074519230769231 0.21634615384615385 0.18269230769230768
1 0.8617788461538461 0.7079326923076923 0.17067307692307693 0.25961538461538464
1 0.6995192307692307 0.6129807692307693 0.14423076923076922 0.23557692307692307
1 0.4411057692307692 0.6310096153846154 0.12980769230769232 0.1875
1 0.3137019230769231 0.5841346153846154 0.18269230769230768 0.2283653846153846
1 0.4543269230769231 0.24158653846153846 0.17548076923076922 0.125
1 0.5697115384615384 0.15865384615384615 0.11057692307692307 0.08173076923076923
1 0.7259615384615384 0.17548076923076922 0.08653846153846154 0.10096153846153846
1 0.6899038461538461 0.08052884615384616 0.04807692307692308 0.07211538461538461
1 0.8004807692307693 0.11177884615384616 0.09615384615384616 0.08173076923076923
2 0.19471153846153846 0.8822115384615384 0.09615384615384616 0.23076923076923078
2 0.5721153846153846 0.4951923076923077 0.057692307692307696 0.1875
2 0.6622596153846154 0.46033653846153844 0.07211538461538461 0.1778846153846154
2 0.8197115384615384 0.48197115384615385 0.057692307692307696 0.20192307692307693
2 0.7920673076923077 0.42788461538461536 0.038461538461538464 0.16826923076923078
2 0.6838942307692307 0.12860576923076922 0.03365384615384615 0.07211538461538461
0 0.5300480769230769 0.10096153846153846 0.18269230769230768 0.1346153846153846
0 0.9110576923076923 0.19471153846153846 0.17307692307692307 0.2692307692307692