1 0.09735576923076923 0.8545673076923077 0.19230769230769232 0.19471153846153846
1 0.2536057692307692 0.8569711538461539 0.19471153846153846 0.23557692307692307
1 0.5180288461538461 0.6935096153846154 0.15865384615384615 0.21394230769230768
1 0.5252403846153846 0.47596153846153844 0.17067307692307693 0.1346153846153846
1 0.6129807692307693 0.4567307692307692 0.13701923076923078 0.13221153846153846
1 0.4423076923076923 0.28725961538461536 0.06971153846153846 0.0889423076923077
1 0.41466346153846156 0.265625 0.04567307692307692 0.06490384615384616
1 0.38100961538461536 0.18629807692307693 0.03365384615384615 0.052884615384615384
1 0.4362980769230769 0.19230769230769232 0.026442307692307692 0.04567307692307692
1 0.4230769230769231 0.22956730769230768 0.04326923076923077 0.052884615384615384
2 0.18870192307692307 0.65625 0.10096153846153846 0.20432692307692307
2 0.5084134615384616 0.5492788461538461 0.07692307692307693 0.10576923076923077
2 0.35096153846153844 0.21394230769230768 0.02403846153846154 0.0625
2 0.38822115384615385 0.21394230769230768 0.016826923076923076 0.040865384615384616
2 0.05048076923076923 0.6634615384615384 0.10096153846153846 0.19471153846153846
3 0.6286057692307693 0.8677884615384616 0.2283653846153846 0.25961538461538464