1 0.7632211538461539 0.7680288461538461 0.1778846153846154 0.28846153846153844
1 0.33653846153846156 0.8858173076923077 0.23076923076923078 0.21634615384615385
1 0.140625 0.8377403846153846 0.1971153846153846 0.28365384615384615
1 0.35697115384615385 0.6947115384615384 0.1778846153846154 0.2403846153846154
1 0.7992788461538461 0.31971153846153844 0.18509615384615385 0.14423076923076922
1 0.9387019230769231 0.16947115384615385 0.09134615384615384 0.07451923076923077
1 0.5793269230769231 0.1875 0.08653846153846154 0.08173076923076923
1 0.44711538461538464 0.18509615384615385 0.0985576923076923 0.07692307692307693
1 0.7199519230769231 0.14302884615384615 0.06971153846153846 0.06490384615384616
1 0.7584134615384616 0.12139423076923077 0.04326923076923077 0.06490384615384616
2 0.9038461538461539 0.6454326923076923 0.08653846153846154 0.22115384615384615
2 0.4651442307692308 0.7091346153846154 0.052884615384615384 0.23076923076923078
2 0.2608173076923077 0.6466346153846154 0.08173076923076923 0.22596153846153846
2 0.453125 0.43028846153846156 0.04807692307692308 0.15144230769230768
2 0.5024038461538461 0.18629807692307693 0.036057692307692304 0.07211538461538461
2 0.3858173076923077 0.19591346153846154 0.04567307692307692 0.06971153846153846
3 0.6370192307692307 0.1502403846153846 0.052884615384615384 0.10576923076923077
3 0.5540865384615384 0.7824519230769231 0.19471153846153846 0.43028846153846156