1 0.2247596153846154 0.8185096153846154 0.22115384615384615 0.2956730769230769
1 0.4026442307692308 0.8641826923076923 0.21394230769230768 0.2692307692307692
1 0.6598557692307693 0.8473557692307693 0.19471153846153846 0.3004807692307692
1 0.8882211538461539 0.9290865384615384 0.21394230769230768 0.13701923076923078
1 0.8653846153846154 0.75 0.16826923076923078 0.23076923076923078
1 0.7043269230769231 0.6658653846153846 0.13942307692307693 0.24278846153846154
1 0.453125 0.6790865384615384 0.13701923076923078 0.19471153846153846
1 0.328125 0.6225961538461539 0.18028846153846154 0.22596153846153846
2 0.20673076923076922 0.9014423076923077 0.0889423076923077 0.18509615384615385
2 0.6213942307692307 0.5084134615384616 0.057692307692307696 0.1778846153846154
2 0.6947115384615384 0.48197115384615385 0.07211538461538461 0.13701923076923078
2 0.8245192307692307 0.5300480769230769 0.057692307692307696 0.1875
2 0.8016826923076923 0.47836538461538464 0.05048076923076923 0.16105769230769232
1 0.703125 0.11658653846153846 0.04326923076923077 0.04807692307692308
0 0.5480769230769231 0.15384615384615385 0.1778846153846154 0.13221153846153846
0 0.8209134615384616 0.2536057692307692 0.35336538461538464 0.3004807692307692