1 0.7367788461538461 0.6971153846153846 0.16105769230769232 0.2692307692307692
1 0.3858173076923077 0.8798076923076923 0.21875 0.23557692307692307
1 0.3713942307692308 0.6899038461538461 0.16346153846153846 0.21153846153846154
1 0.20432692307692307 0.8629807692307693 0.1875 0.2692307692307692
1 0.7992788461538461 0.140625 0.08413461538461539 0.07211538461538461
1 0.6334134615384616 0.12860576923076922 0.04567307692307692 0.06009615384615385
1 0.5733173076923077 0.15625 0.038461538461538464 0.055288461538461536
1 0.5432692307692307 0.19230769230769232 0.06009615384615385 0.06971153846153846
1 0.47836538461538464 0.21514423076923078 0.07451923076923077 0.07211538461538461
1 0.34975961538461536 0.2704326923076923 0.11057692307692307 0.08653846153846154
1 0.33052884615384615 0.24158653846153846 0.08413461538461539 0.06490384615384616
1 0.4206730769230769 0.15504807692307693 0.028846153846153848 0.04326923076923077
2 0.8389423076923077 0.5552884615384616 0.07692307692307693 0.18509615384615385
2 0.46634615384615385 0.6911057692307693 0.057692307692307696 0.1971153846153846
2 0.2776442307692308 0.6598557692307693 0.06009615384615385 0.17548076923076922
2 0.3016826923076923 0.5733173076923077 0.0625 0.15625
2 0.38100961538461536 0.4098557692307692 0.04567307692307692 0.125
3 0.5588942307692307 0.7427884615384616 0.1778846153846154 0.39663461538461536
3 0.5408653846153846 0.14543269230769232 0.03125 0.06009615384615385