1 0.1935096153846154 0.8064903846153846 0.19951923076923078 0.2764423076923077
1 0.35096153846153844 0.7836538461538461 0.19951923076923078 0.2932692307692308
1 0.41466346153846156 0.9555288461538461 0.2091346153846154 0.08413461538461539
1 0.6129807692307693 0.5817307692307693 0.1466346153846154 0.19951923076923078
1 0.1502403846153846 0.32211538461538464 0.10336538461538461 0.12740384615384615
1 0.5625 0.21153846153846154 0.0889423076923077 0.09134615384615384
1 0.5024038461538461 0.171875 0.04807692307692308 0.06009615384615385
1 0.4495192307692308 0.09254807692307693 0.026442307692307692 0.04807692307692308
1 0.5096153846153846 0.0985576923076923 0.026442307692307692 0.038461538461538464
1 0.5060096153846154 0.054086538461538464 0.02403846153846154 0.03365384615384615
2 0.14903846153846154 0.5673076923076923 0.0889423076923077 0.18990384615384615
2 0.28365384615384615 0.5528846153846154 0.09375 0.1971153846153846
2 0.7211538461538461 0.5685096153846154 0.0673076923076923 0.16346153846153846
2 0.42427884615384615 0.125 0.021634615384615384 0.057692307692307696
2 0.46634615384615385 0.12620192307692307 0.021634615384615384 0.05048076923076923
3 0.06370192307692307 0.8064903846153846 0.12740384615384615 0.2956730769230769
3 0.7235576923076923 0.8137019230769231 0.22115384615384615 0.36778846153846156