1 0.8209134615384616 0.7259615384615384 0.17307692307692307 0.2403846153846154
1 0.6526442307692307 0.5348557692307693 0.11057692307692307 0.16105769230769232
1 0.6598557692307693 0.7475961538461539 0.125 0.34615384615384615
1 0.4495192307692308 0.5120192307692307 0.10817307692307693 0.11538461538461539
1 0.37259615384615385 0.6742788461538461 0.11538461538461539 0.23076923076923078
1 0.18509615384615385 0.8966346153846154 0.28846153846153844 0.20192307692307693
1 0.34975961538461536 0.4879807692307692 0.11057692307692307 0.15384615384615385
1 0.4266826923076923 0.3112980769230769 0.07932692307692307 0.10576923076923077
1 0.38461538461538464 0.18509615384615385 0.057692307692307696 0.055288461538461536
2 0.6117788461538461 0.15504807692307693 0.01201923076923077 0.04807692307692308
2 0.6574519230769231 0.1466346153846154 0.009615384615384616 0.052884615384615384
2 0.2920673076923077 0.6009615384615384 0.038461538461538464 0.21875
2 0.078125 0.8425480769230769 0.09615384615384616 0.21875
0 0.08533653846153846 0.19591346153846154 0.16826923076923078 0.14423076923076922
0 0.12980769230769232 0.11778846153846154 0.052884615384615384 0.04807692307692308
3 0.484375 0.7632211538461539 0.1658653846153846 0.40865384615384615