1 0.35096153846153844 0.8677884615384616 0.15384615384615385 0.2283653846153846
1 0.4675480769230769 0.8185096153846154 0.14423076923076922 0.2283653846153846
1 0.5492788461538461 0.9567307692307693 0.1658653846153846 0.08173076923076923
1 0.6574519230769231 0.6538461538461539 0.125 0.17067307692307693
1 0.3449519230769231 0.4735576923076923 0.15144230769230768 0.09615384615384616
1 0.484375 0.4423076923076923 0.1346153846153846 0.09615384615384616
1 0.6802884615384616 0.44350961538461536 0.12980769230769232 0.09615384615384616
1 0.7764423076923077 0.34975961538461536 0.10817307692307693 0.0889423076923077
1 0.6045673076923077 0.3485576923076923 0.07211538461538461 0.06490384615384616
1 0.5084134615384616 0.3161057692307692 0.04326923076923077 0.055288461538461536
1 0.49759615384615385 0.2704326923076923 0.03125 0.04326923076923077
1 0.45072115384615385 0.2704326923076923 0.03125 0.04567307692307692
1 0.4807692307692308 0.22235576923076922 0.014423076923076924 0.028846153846153848
1 0.44350961538461536 0.20192307692307693 0.016826923076923076 0.02403846153846154
2 0.11298076923076923 0.90625 0.057692307692307696 0.18269230769230768
2 0.37740384615384615 0.6442307692307693 0.06490384615384616 0.15384615384615385
2 0.29927884615384615 0.49759615384615385 0.07692307692307693 0.10096153846153846
2 0.5997596153846154 0.5204326923076923 0.04807692307692308 0.11778846153846154
2 0.7247596153846154 0.5913461538461539 0.036057692307692304 0.12259615384615384
2 0.46274038461538464 0.3233173076923077 0.016826923076923076 0.038461538461538464
2 0.4699519230769231 0.2980769230769231 0.014423076923076924 0.040865384615384616
3 0.19831730769230768 0.8834134615384616 0.17067307692307693 0.2283653846153846
3 0.7704326923076923 0.8028846153846154 0.15625 0.32211538461538464