1 0.7223557692307693 0.7992788461538461 0.1346153846153846 0.3389423076923077
1 0.5372596153846154 0.8473557692307693 0.16346153846153846 0.30288461538461536
1 0.41225961538461536 0.5420673076923077 0.12740384615384615 0.18028846153846154
1 0.42788461538461536 0.3137019230769231 0.12740384615384615 0.10576923076923077
1 0.6670673076923077 0.11538461538461539 0.03365384615384615 0.05048076923076923
1 0.33533653846153844 0.18269230769230768 0.057692307692307696 0.07451923076923077
2 0.8365384615384616 0.7367788461538461 0.057692307692307696 0.23557692307692307
2 0.7740384615384616 0.5612980769230769 0.06009615384615385 0.1658653846153846
2 0.5336538461538461 0.48677884615384615 0.04567307692307692 0.16346153846153846
2 0.5120192307692307 0.6129807692307693 0.038461538461538464 0.15865384615384615
2 0.3798076923076923 0.7427884615384616 0.0625 0.23557692307692307
3 0.8305288461538461 0.28966346153846156 0.20192307692307693 0.1778846153846154
3 0.06370192307692307 0.11658653846153846 0.052884615384615384 0.10576923076923077