1 0.8004807692307693 0.890625 0.28365384615384615 0.21394230769230768
1 0.5985576923076923 0.9038461538461539 0.2644230769230769 0.1875
1 0.31009615384615385 0.8569711538461539 0.24278846153846154 0.25961538461538464
1 0.0829326923076923 0.90625 0.1658653846153846 0.09134615384615384
1 0.1045673076923077 0.7620192307692307 0.2091346153846154 0.2932692307692308
1 0.29086538461538464 0.6875 0.1971153846153846 0.27884615384615385
1 0.5673076923076923 0.7536057692307693 0.1778846153846154 0.2283653846153846
1 0.7163461538461539 0.71875 0.23317307692307693 0.28365384615384615
1 0.41225961538461536 0.25961538461538464 0.18269230769230768 0.14182692307692307
1 0.3088942307692308 0.18269230769230768 0.10336538461538461 0.11778846153846154
1 0.3016826923076923 0.1201923076923077 0.11778846153846154 0.09375
1 0.14423076923076922 0.21033653846153846 0.22596153846153846 0.1778846153846154
1 0.4050480769230769 0.016826923076923076 0.040865384615384616 0.03365384615384615
2 0.8100961538461539 0.9651442307692307 0.11538461538461539 0.06490384615384616
2 0.4387019230769231 0.6935096153846154 0.10817307692307693 0.2644230769230769
2 0.4170673076923077 0.6045673076923077 0.09375 0.2403846153846154
2 0.17908653846153846 0.5192307692307693 0.09375 0.23317307692307693
2 0.22115384615384615 0.45913461538461536 0.06490384615384616 0.18990384615384615
2 0.38822115384615385 0.15625 0.0625 0.0985576923076923
0 0.5600961538461539 0.16826923076923078 0.22596153846153846 0.21394230769230768