1 0.29086538461538464 0.7560096153846154 0.1658653846153846 0.34615384615384615
1 0.46875 0.75 0.1658653846153846 0.30528846153846156
1 0.609375 0.515625 0.1346153846153846 0.18028846153846154
1 0.44471153846153844 0.07932692307692307 0.04326923076923077 0.052884615384615384
1 0.49759615384615385 0.09615384615384616 0.05048076923076923 0.055288461538461536
1 0.5829326923076923 0.12620192307692307 0.05048076923076923 0.0673076923076923
2 0.3088942307692308 0.44711538461538464 0.057692307692307696 0.14423076923076922
2 0.390625 0.4483173076923077 0.052884615384615384 0.16826923076923078
2 0.44471153846153844 0.44471153846153844 0.057692307692307696 0.1658653846153846
2 0.4987980769230769 0.453125 0.057692307692307696 0.1658653846153846
3 0.4050480769230769 0.078125 0.04807692307692308 0.08173076923076923
3 0.7764423076923077 0.18870192307692307 0.18028846153846154 0.18028846153846154
3 0.9783653846153846 0.09975961538461539 0.038461538461538464 0.11778846153846154