1 0.4014423076923077 0.30408653846153844 0.16826923076923078 0.1875
1 0.5444711538461539 0.3161057692307692 0.1346153846153846 0.18028846153846154
1 0.4675480769230769 0.4807692307692308 0.16826923076923078 0.22115384615384615
1 0.47596153846153844 0.6310096153846154 0.18990384615384615 0.2692307692307692
1 0.6177884615384616 0.42788461538461536 0.13221153846153846 0.1875
1 0.5480769230769231 0.12379807692307693 0.13942307692307693 0.11057692307692307
1 0.6418269230769231 0.12740384615384615 0.125 0.10096153846153846
1 0.6706730769230769 0.0829326923076923 0.07932692307692307 0.07211538461538461
1 0.953125 0.11778846153846154 0.0889423076923077 0.08173076923076923
2 0.9435096153846154 0.36778846153846156 0.06009615384615385 0.16346153846153846
2 0.9831730769230769 0.375 0.028846153846153848 0.16826923076923078