1 0.09014423076923077 0.8076923076923077 0.18028846153846154 0.2932692307692308
1 0.3112980769230769 0.6129807692307693 0.19951923076923078 0.2980769230769231
1 0.3088942307692308 0.8209134615384616 0.22115384615384615 0.3317307692307692
1 0.6478365384615384 0.5757211538461539 0.19471153846153846 0.22115384615384615
1 0.6899038461538461 0.7584134615384616 0.22596153846153846 0.35336538461538464
1 0.7379807692307693 0.5144230769230769 0.17067307692307693 0.23557692307692307
1 0.5276442307692307 0.2824519230769231 0.11778846153846154 0.15865384615384615
1 0.7199519230769231 0.18870192307692307 0.10096153846153846 0.10336538461538461
1 0.8449519230769231 0.27283653846153844 0.11298076923076923 0.14423076923076922
2 0.8209134615384616 0.65625 0.09615384615384616 0.28365384615384615
2 0.49278846153846156 0.056490384615384616 0.026442307692307692 0.07692307692307693
2 0.6875 0.2127403846153846 0.05048076923076923 0.10096153846153846
0 0.8966346153846154 0.15264423076923078 0.20192307692307693 0.22355769230769232
3 0.5865384615384616 0.8449519230769231 0.2980769230769231 0.30528846153846156