1 0.17668269230769232 0.6983173076923077 0.20432692307692307 0.30288461538461536
1 0.5817307692307693 0.9014423076923077 0.2644230769230769 0.19230769230769232
1 0.6033653846153846 0.7247596153846154 0.20192307692307693 0.24519230769230768
1 0.7908653846153846 0.8894230769230769 0.22596153846153846 0.21634615384615385
1 0.14903846153846154 0.057692307692307696 0.09615384615384616 0.08413461538461539
1 0.33052884615384615 0.07692307692307693 0.08413461538461539 0.07692307692307693
1 0.34615384615384615 0.04807692307692308 0.052884615384615384 0.06009615384615385
1 0.43509615384615385 0.12259615384615384 0.055288461538461536 0.06009615384615385
1 0.4519230769230769 0.14543269230769232 0.07932692307692307 0.0889423076923077
1 0.5396634615384616 0.14903846153846154 0.0625 0.07451923076923077
1 0.5360576923076923 0.08173076923076923 0.05048076923076923 0.04807692307692308
1 0.48677884615384615 0.0829326923076923 0.03125 0.04326923076923077
1 0.5432692307692307 0.10216346153846154 0.04567307692307692 0.04567307692307692
1 0.5817307692307693 0.10336538461538461 0.04807692307692308 0.052884615384615384
1 0.671875 0.20192307692307693 0.07451923076923077 0.07211538461538461
2 0.038461538461538464 0.6983173076923077 0.07692307692307693 0.27163461538461536
2 0.12379807692307693 0.5733173076923077 0.10817307692307693 0.23076923076923078
2 0.49399038461538464 0.7151442307692307 0.07692307692307693 0.2283653846153846
2 0.7139423076923077 0.6923076923076923 0.09615384615384616 0.20432692307692307
2 0.27403846153846156 0.08533653846153846 0.04567307692307692 0.06971153846153846
2 0.3918269230769231 0.08653846153846154 0.03365384615384615 0.06009615384615385
2 0.5252403846153846 0.15865384615384615 0.038461538461538464 0.07211538461538461
3 0.375 0.7668269230769231 0.25961538461538464 0.4519230769230769
3 0.7055288461538461 0.2247596153846154 0.09375 0.11298076923076923