1 0.3076923076923077 0.9038461538461539 0.17307692307692307 0.17067307692307693
1 0.4543269230769231 0.8918269230769231 0.1875 0.21153846153846154
1 0.703125 0.7199519230769231 0.13221153846153846 0.15865384615384615
1 0.31490384615384615 0.49158653846153844 0.1658653846153846 0.12259615384615384
1 0.6706730769230769 0.37259615384615385 0.09615384615384616 0.09134615384615384
1 0.5901442307692307 0.33653846153846156 0.052884615384615384 0.06490384615384616
1 0.578125 0.30288461538461536 0.03365384615384615 0.052884615384615384
1 0.5300480769230769 0.25841346153846156 0.028846153846153848 0.05048076923076923
1 0.5877403846153846 0.25721153846153844 0.03125 0.040865384615384616
1 0.5769230769230769 0.21033653846153846 0.019230769230769232 0.03125
1 0.5432692307692307 0.2283653846153846 0.02403846153846154 0.038461538461538464
2 0.020432692307692308 0.9086538461538461 0.040865384615384616 0.10096153846153846
2 0.3798076923076923 0.7067307692307693 0.07692307692307693 0.18269230769230768
2 0.2536057692307692 0.7223557692307693 0.07451923076923077 0.18028846153846154
2 0.6646634615384616 0.5997596153846154 0.040865384615384616 0.1346153846153846
2 0.6862980769230769 0.5733173076923077 0.0625 0.13701923076923078
2 0.7992788461538461 0.6995192307692307 0.0673076923076923 0.14903846153846154
2 0.5012019230769231 0.296875 0.021634615384615384 0.057692307692307696
2 0.5420673076923077 0.2800480769230769 0.02403846153846154 0.0625
3 0.12980769230769232 0.8930288461538461 0.19951923076923078 0.16346153846153846
3 0.8197115384615384 0.8786057692307693 0.20673076923076922 0.23798076923076922