1 0.7439903846153846 0.5745192307692307 0.125 0.19230769230769232
1 0.6358173076923077 0.5805288461538461 0.08653846153846154 0.2403846153846154
1 0.5925480769230769 0.48677884615384615 0.09615384615384616 0.16346153846153846
1 0.45072115384615385 0.41346153846153844 0.07211538461538461 0.11298076923076923
1 0.4170673076923077 0.5649038461538461 0.0889423076923077 0.18990384615384615
1 0.44471153846153844 0.890625 0.19951923076923078 0.21634615384615385
1 0.2932692307692308 0.7644230769230769 0.18269230769230768 0.2692307692307692
1 0.3161057692307692 0.421875 0.09615384615384616 0.13701923076923078
1 0.4891826923076923 0.23076923076923078 0.0625 0.0673076923076923
1 0.2512019230769231 0.2800480769230769 0.07692307692307693 0.07211538461538461
1 0.036057692307692304 0.23677884615384615 0.07211538461538461 0.057692307692307696
1 0.025240384615384616 0.16826923076923078 0.04807692307692308 0.04326923076923077
2 0.8930288461538461 0.8521634615384616 0.052884615384615384 0.29086538461538464
2 0.2127403846153846 0.6694711538461539 0.0673076923076923 0.19471153846153846
2 0.6177884615384616 0.14903846153846154 0.009615384615384616 0.04326923076923077
2 0.6550480769230769 0.15384615384615385 0.014423076923076924 0.057692307692307696
0 0.10576923076923077 0.14903846153846154 0.055288461538461536 0.08173076923076923
3 0.49038461538461536 0.6298076923076923 0.1201923076923077 0.31009615384615385