1 0.23197115384615385 0.7884615384615384 0.21153846153846154 0.29086538461538464
1 0.4074519230769231 0.8509615384615384 0.20673076923076922 0.2932692307692308
1 0.6658653846153846 0.8137019230769231 0.18028846153846154 0.31009615384615385
1 0.8930288461538461 0.90625 0.2091346153846154 0.18269230769230768
1 0.8689903846153846 0.7103365384615384 0.16346153846153846 0.23076923076923078
1 0.7079326923076923 0.6165865384615384 0.1346153846153846 0.2283653846153846
1 0.45913461538461536 0.640625 0.12980769230769232 0.1875
1 0.3317307692307692 0.5913461538461539 0.17548076923076922 0.2283653846153846
1 0.7512019230769231 0.2512019230769231 0.1875 0.12980769230769232
1 0.7271634615384616 0.16105769230769232 0.125 0.07692307692307693
1 0.6959134615384616 0.039663461538461536 0.028846153846153848 0.057692307692307696
1 0.8942307692307693 0.23076923076923078 0.11538461538461539 0.10096153846153846
2 0.21634615384615385 0.8870192307692307 0.08173076923076923 0.22115384615384615
2 0.5661057692307693 0.6742788461538461 0.055288461538461536 0.2403846153846154
2 0.5925480769230769 0.5745192307692307 0.057692307692307696 0.20192307692307693
2 0.8269230769230769 0.4879807692307692 0.04326923076923077 0.1971153846153846
2 0.7980769230769231 0.4326923076923077 0.038461538461538464 0.16105769230769232
2 0.6526442307692307 0.20192307692307693 0.055288461538461536 0.09615384615384616
0 0.5432692307692307 0.10576923076923077 0.17548076923076922 0.11057692307692307
1 0.5793269230769231 0.16706730769230768 0.10817307692307693 0.06971153846153846