1 0.7247596153846154 0.828125 0.24278846153846154 0.31009615384615385
1 0.5528846153846154 0.8533653846153846 0.23557692307692307 0.28846153846153844
1 0.31009615384615385 0.8028846153846154 0.19951923076923078 0.2980769230769231
1 0.6538461538461539 0.6237980769230769 0.18990384615384615 0.23317307692307693
1 0.53125 0.6610576923076923 0.14182692307692307 0.19230769230769232
1 0.28725961538461536 0.6201923076923077 0.16105769230769232 0.2403846153846154
1 0.12259615384615384 0.6887019230769231 0.18509615384615385 0.24759615384615385
1 0.09495192307692307 0.8737980769230769 0.18990384615384615 0.18990384615384615
1 0.5877403846153846 0.30528846153846156 0.18028846153846154 0.12740384615384615
1 0.5072115384615384 0.27884615384615385 0.0889423076923077 0.09375
1 0.28725961538461536 0.18269230769230768 0.10576923076923077 0.10576923076923077
1 0.19230769230769232 0.13581730769230768 0.11298076923076923 0.08653846153846154
1 0.3605769230769231 0.04927884615384615 0.028846153846153848 0.04567307692307692
2 0.734375 0.9050480769230769 0.10336538461538461 0.18509615384615385
2 0.4182692307692308 0.6430288461538461 0.07211538461538461 0.22355769230769232
2 0.4074519230769231 0.5516826923076923 0.0673076923076923 0.19230769230769232
2 0.18509615384615385 0.47836538461538464 0.07932692307692307 0.1971153846153846
2 0.2127403846153846 0.4338942307692308 0.0625 0.16346153846153846
2 0.38461538461538464 0.23076923076923078 0.06009615384615385 0.09375
0 0.4963942307692308 0.1658653846153846 0.19951923076923078 0.16826923076923078