1 0.25240384615384615 0.5216346153846154 0.1466346153846154 0.19951923076923078
1 0.35336538461538464 0.5432692307692307 0.11778846153846154 0.2403846153846154
1 0.40865384615384615 0.46274038461538464 0.11538461538461539 0.16826923076923078
1 0.5540865384615384 0.41346153846153844 0.08413461538461539 0.11778846153846154
1 0.5637019230769231 0.5625 0.11298076923076923 0.19230769230769232
1 0.48677884615384615 0.8737980769230769 0.2283653846153846 0.24759615384615385
1 0.6502403846153846 0.7692307692307693 0.21153846153846154 0.28125
1 0.6802884615384616 0.4411057692307692 0.11298076923076923 0.14423076923076922
1 0.5456730769230769 0.234375 0.06971153846153846 0.07211538461538461
1 0.7632211538461539 0.3161057692307692 0.08413461538461539 0.07932692307692307
1 0.9663461538461539 0.3076923076923077 0.0625 0.0673076923076923
1 0.9819711538461539 0.2439903846153846 0.03125 0.05048076923076923
2 0.06850961538461539 0.7692307692307693 0.09615384615384616 0.2932692307692308
2 0.7403846153846154 0.6911057692307693 0.09375 0.19471153846153846
2 0.43509615384615385 0.13822115384615385 0.016826923076923076 0.04326923076923077
2 0.39903846153846156 0.13701923076923078 0.02403846153846154 0.057692307692307696
0 0.9194711538461539 0.21514423076923078 0.06490384615384616 0.08413461538461539
3 0.484375 0.6117788461538461 0.15865384615384615 0.3125