1 0.24278846153846154 0.8221153846153846 0.22115384615384615 0.2980769230769231
1 0.41947115384615385 0.8665865384615384 0.20673076923076922 0.2644230769230769
1 0.6790865384615384 0.8389423076923077 0.18269230769230768 0.30288461538461536
1 0.9026442307692307 0.9230769230769231 0.18990384615384615 0.14903846153846154
1 0.8834134615384616 0.7403846153846154 0.16826923076923078 0.23076923076923078
1 0.7211538461538461 0.6514423076923077 0.13701923076923078 0.2283653846153846
1 0.4699519230769231 0.6742788461538461 0.1346153846153846 0.19230769230769232
1 0.3401442307692308 0.6177884615384616 0.1778846153846154 0.22115384615384615
1 0.5913461538461539 0.19831730769230768 0.11057692307692307 0.07211538461538461
1 0.6586538461538461 0.2860576923076923 0.18269230769230768 0.12740384615384615
1 0.7836538461538461 0.26322115384615385 0.10096153846153846 0.09615384615384616
1 0.7572115384615384 0.18870192307692307 0.11298076923076923 0.07211538461538461
1 0.7079326923076923 0.06610576923076923 0.026442307692307692 0.057692307692307696
2 0.2247596153846154 0.9038461538461539 0.08173076923076923 0.18990384615384615
2 0.5769230769230769 0.7007211538461539 0.06490384615384616 0.23557692307692307
2 0.6057692307692307 0.5949519230769231 0.052884615384615384 0.20673076923076922
2 0.8401442307692307 0.5180288461538461 0.05048076923076923 0.19471153846153846
2 0.8137019230769231 0.4675480769230769 0.03365384615384615 0.16346153846153846
0 0.5540865384615384 0.13221153846153846 0.18028846153846154 0.11778846153846154