1 0.11057692307692307 0.8798076923076923 0.22115384615384615 0.21153846153846154
1 0.2980769230769231 0.9230769230769231 0.25240384615384615 0.14182692307692307
1 0.5985576923076923 0.90625 0.23076923076923078 0.18269230769230768
1 0.8449519230769231 0.8774038461538461 0.21394230769230768 0.2403846153846154
1 0.2127403846153846 0.7223557692307693 0.22355769230769232 0.28125
1 0.359375 0.7932692307692307 0.16826923076923078 0.23317307692307693
1 0.6550480769230769 0.7800480769230769 0.1778846153846154 0.2764423076923077
1 0.6983173076923077 0.3245192307692308 0.17548076923076922 0.13221153846153846
1 0.7451923076923077 0.2644230769230769 0.0985576923076923 0.11057692307692307
1 0.7824519230769231 0.21153846153846154 0.11538461538461539 0.0985576923076923
1 0.9230769230769231 0.33052884615384615 0.14903846153846154 0.17067307692307693
1 0.6814903846153846 0.0733173076923077 0.036057692307692304 0.057692307692307696
2 0.5024038461538461 0.7584134615384616 0.09375 0.2548076923076923
2 0.5336538461538461 0.6622596153846154 0.06971153846153846 0.23076923076923078
2 0.8040865384615384 0.6322115384615384 0.0673076923076923 0.23076923076923078
2 0.7716346153846154 0.5745192307692307 0.052884615384615384 0.2091346153846154
2 0.5997596153846154 0.2956730769230769 0.0625 0.11538461538461539
2 0.6658653846153846 0.22596153846153846 0.06009615384615385 0.10576923076923077
0 0.49278846153846156 0.19831730769230768 0.21634615384615385 0.19951923076923078