1 0.31850961538461536 0.8485576923076923 0.15865384615384615 0.29086538461538464
1 0.5036057692307693 0.8569711538461539 0.15625 0.28125
1 0.6430288461538461 0.625 0.13701923076923078 0.19230769230769232
1 0.5096153846153846 0.1971153846153846 0.05048076923076923 0.06009615384615385
1 0.5829326923076923 0.21033653846153846 0.0625 0.06009615384615385
1 0.7163461538461539 0.23918269230769232 0.055288461538461536 0.06009615384615385
1 0.9699519230769231 0.20192307692307693 0.038461538461538464 0.055288461538461536
2 0.32211538461538464 0.5625 0.052884615384615384 0.1778846153846154
2 0.40024038461538464 0.5889423076923077 0.052884615384615384 0.1875
2 0.4639423076923077 0.5625 0.05048076923076923 0.18028846153846154
2 0.5228365384615384 0.5625 0.055288461538461536 0.16826923076923078
2 0.5444711538461539 0.22235576923076922 0.019230769230769232 0.057692307692307696
3 0.9591346153846154 0.32091346153846156 0.07692307692307693 0.2091346153846154
3 0.45552884615384615 0.1935096153846154 0.055288461538461536 0.09375