1 0.6514423076923077 0.8689903846153846 0.20673076923076922 0.25721153846153844
1 0.4338942307692308 0.9182692307692307 0.20432692307692307 0.15865384615384615
1 0.3762019230769231 0.6045673076923077 0.1658653846153846 0.21394230769230768
1 0.7079326923076923 0.21033653846153846 0.06009615384615385 0.06971153846153846
1 0.06490384615384616 0.23798076923076922 0.0673076923076923 0.10817307692307693
1 0.5612980769230769 0.20673076923076922 0.07211538461538461 0.07211538461538461
1 0.4411057692307692 0.23798076923076922 0.09134615384615384 0.06971153846153846
1 0.14783653846153846 0.1141826923076923 0.055288461538461536 0.06971153846153846
2 0.7932692307692307 0.9675480769230769 0.10576923076923077 0.06009615384615385
2 0.8076923076923077 0.8040865384615384 0.0889423076923077 0.22596153846153846
2 0.7764423076923077 0.4254807692307692 0.08413461538461539 0.11538461538461539
2 0.5096153846153846 0.5757211538461539 0.07932692307692307 0.18509615384615385
2 0.3629807692307692 0.8365384615384616 0.11298076923076923 0.2668269230769231
2 0.16346153846153846 0.8737980769230769 0.11057692307692307 0.15384615384615385
2 0.6875 0.3233173076923077 0.04326923076923077 0.0985576923076923
3 0.4639423076923077 0.375 0.24759615384615385 0.23317307692307693
3 0.09375 0.08173076923076923 0.07451923076923077 0.1346153846153846