1 0.14903846153846154 0.7896634615384616 0.19471153846153846 0.27403846153846156
1 0.3004807692307692 0.7680288461538461 0.1971153846153846 0.2860576923076923
1 0.3545673076923077 0.9435096153846154 0.21153846153846154 0.10576923076923077
1 0.5564903846153846 0.5721153846153846 0.15384615384615385 0.1971153846153846
1 0.5072115384615384 0.3641826923076923 0.16105769230769232 0.13942307692307693
1 0.5877403846153846 0.33413461538461536 0.12259615384615384 0.12740384615384615
1 0.46875 0.18389423076923078 0.0673076923076923 0.08653846153846154
1 0.4495192307692308 0.15264423076923078 0.04326923076923077 0.04326923076923077
1 0.41586538461538464 0.0889423076923077 0.02403846153846154 0.03365384615384615
1 0.46634615384615385 0.08774038461538461 0.02403846153846154 0.038461538461538464
3 0.038461538461538464 0.7932692307692307 0.07692307692307693 0.2932692307692308
3 0.6586538461538461 0.8088942307692307 0.22115384615384615 0.37740384615384615