1 0.2764423076923077 0.7872596153846154 0.16826923076923078 0.2764423076923077
1 0.6850961538461539 0.8894230769230769 0.2283653846153846 0.20432692307692307
1 0.6622596153846154 0.7055288461538461 0.1778846153846154 0.21634615384615385
1 0.8689903846153846 0.8377403846153846 0.1971153846153846 0.27163461538461536
1 0.09735576923076923 0.21995192307692307 0.08413461538461539 0.06971153846153846
1 0.26802884615384615 0.16947115384615385 0.04567307692307692 0.06009615384615385
1 0.3737980769230769 0.21514423076923078 0.06490384615384616 0.06971153846153846
1 0.3425480769230769 0.18629807692307693 0.040865384615384616 0.055288461538461536
1 0.4375 0.22716346153846154 0.07932692307692307 0.07932692307692307
1 0.5649038461538461 0.25961538461538464 0.11057692307692307 0.08413461538461539
1 0.6033653846153846 0.2283653846153846 0.08173076923076923 0.07451923076923077
1 0.5024038461538461 0.15384615384615385 0.028846153846153848 0.04326923076923077
2 0.14302884615384615 0.6634615384615384 0.07932692307692307 0.20432692307692307
2 0.5588942307692307 0.7235576923076923 0.055288461538461536 0.22355769230769232
2 0.7536057692307693 0.6598557692307693 0.0673076923076923 0.2091346153846154
2 0.7091346153846154 0.5685096153846154 0.0625 0.17307692307692307
2 0.5961538461538461 0.41225961538461536 0.040865384615384616 0.12740384615384615
2 0.48197115384615385 0.22235576923076922 0.026442307692307692 0.06490384615384616
3 0.375 0.16706730769230768 0.038461538461538464 0.06009615384615385
3 0.47475961538461536 0.796875 0.18990384615384615 0.4014423076923077