1 0.7536057692307693 0.6911057692307693 0.1778846153846154 0.2283653846153846
1 0.6189903846153846 0.6862980769230769 0.14903846153846154 0.28365384615384615
1 0.625 0.5180288461538461 0.1201923076923077 0.16346153846153846
1 0.46875 0.46033653846153844 0.10336538461538461 0.125
1 0.36538461538461536 0.4254807692307692 0.11538461538461539 0.1466346153846154
1 0.3786057692307692 0.6057692307692307 0.12980769230769232 0.22355769230769232
1 0.35697115384615385 0.921875 0.21634615384615385 0.14903846153846154
1 0.17908653846153846 0.8137019230769231 0.2860576923076923 0.31009615384615385
1 0.4807692307692308 0.19471153846153846 0.07211538461538461 0.0673076923076923
1 0.39663461538461536 0.2704326923076923 0.0889423076923077 0.09375
1 0.21394230769230768 0.18269230769230768 0.07932692307692307 0.06971153846153846
2 0.3125 0.5324519230769231 0.0625 0.1971153846153846
2 0.0889423076923077 0.7103365384615384 0.10576923076923077 0.2403846153846154
2 0.6670673076923077 0.17307692307692307 0.016826923076923076 0.05048076923076923
2 0.7067307692307693 0.1814903846153846 0.016826923076923076 0.055288461538461536
2 0.17427884615384615 0.18028846153846154 0.03365384615384615 0.07211538461538461
0 0.09375 0.13341346153846154 0.10096153846153846 0.14182692307692307
0 0.19110576923076922 0.08413461538461539 0.06490384615384616 0.07451923076923077
3 0.45913461538461536 0.6935096153846154 0.20192307692307693 0.38221153846153844