1 0.7199519230769231 0.5024038461538461 0.17067307692307693 0.2548076923076923
1 0.5408653846153846 0.36658653846153844 0.14182692307692307 0.19951923076923078
1 0.5733173076923077 0.5036057692307693 0.13942307692307693 0.29086538461538464
1 0.3004807692307692 0.8617788461538461 0.2668269230769231 0.2620192307692308
1 0.12860576923076922 0.7043269230769231 0.25721153846153844 0.36538461538461536
1 0.29927884615384615 0.4579326923076923 0.125 0.2620192307692308
1 0.36899038461538464 0.27524038461538464 0.09375 0.13221153846153846
1 0.21875 0.26322115384615385 0.12980769230769232 0.17548076923076922
1 0.40625 0.03365384615384615 0.08653846153846154 0.0673076923076923
1 0.16826923076923078 0.08533653846153846 0.09375 0.11538461538461539
2 0.8918269230769231 0.859375 0.09134615384615384 0.2764423076923077
2 0.21514423076923078 0.38341346153846156 0.06009615384615385 0.2283653846153846
2 0.037259615384615384 0.5757211538461539 0.07451923076923077 0.2668269230769231
0 0.390625 0.546875 0.18509615384615385 0.40384615384615385