1 0.5745192307692307 0.8725961538461539 0.21634615384615385 0.25
1 0.4050480769230769 0.5552884615384616 0.17307692307692307 0.22115384615384615
1 0.6165865384615384 0.04567307692307692 0.057692307692307696 0.07451923076923077
1 0.026442307692307692 0.26802884615384615 0.052884615384615384 0.10817307692307693
2 0.5348557692307693 0.4735576923076923 0.07451923076923077 0.19230769230769232
2 0.9471153846153846 0.8173076923076923 0.10096153846153846 0.25
2 0.8882211538461539 0.5817307692307693 0.08653846153846154 0.23317307692307693
2 0.3112980769230769 0.8822115384615384 0.12740384615384615 0.23076923076923078
2 0.8317307692307693 0.2127403846153846 0.0889423076923077 0.12740384615384615
2 0.47716346153846156 0.7524038461538461 0.10576923076923077 0.2620192307692308
3 0.5048076923076923 0.27403846153846156 0.24519230769230768 0.22596153846153846
3 0.24158653846153846 0.20192307692307693 0.13942307692307693 0.15625