1 0.6358173076923077 0.8942307692307693 0.17067307692307693 0.20673076923076922
1 0.5096153846153846 0.8653846153846154 0.1658653846153846 0.2620192307692308
1 0.42427884615384615 0.9735576923076923 0.18990384615384615 0.04807692307692308
1 0.3329326923076923 0.6430288461538461 0.12740384615384615 0.17307692307692307
1 0.5084134615384616 0.29447115384615385 0.036057692307692304 0.06009615384615385
1 0.5288461538461539 0.28365384615384615 0.02403846153846154 0.04326923076923077
1 0.5588942307692307 0.24519230769230768 0.021634615384615384 0.03125
1 0.5108173076923077 0.23677884615384615 0.021634615384615384 0.038461538461538464
1 0.22716346153846154 0.40625 0.11538461538461539 0.10576923076923077
1 0.18870192307692307 0.44591346153846156 0.10096153846153846 0.10576923076923077
2 0.8846153846153846 0.9326923076923077 0.0625 0.12980769230769232
2 0.7199519230769231 0.7163461538461539 0.07211538461538461 0.15384615384615385
2 0.6117788461538461 0.6802884615384616 0.07451923076923077 0.1658653846153846
2 0.3713942307692308 0.515625 0.0673076923076923 0.11538461538461539
2 0.5661057692307693 0.2692307692307692 0.01201923076923077 0.028846153846153848
2 0.5480769230769231 0.2668269230769231 0.01201923076923077 0.03125
0 0.43149038461538464 0.43028846153846156 0.3293269230769231 0.25961538461538464
3 0.7932692307692307 0.8978365384615384 0.1778846153846154 0.19951923076923078
3 0.19831730769230768 0.8112980769230769 0.18990384615384615 0.3293269230769231