1 0.7848557692307693 0.734375 0.1778846153846154 0.29086538461538464
1 0.3954326923076923 0.8990384615384616 0.2283653846153846 0.1971153846153846
1 0.20432692307692307 0.8774038461538461 0.20192307692307693 0.2403846153846154
1 0.38822115384615385 0.7127403846153846 0.16346153846153846 0.21875
1 0.6370192307692307 0.31850961538461536 0.17067307692307693 0.1346153846153846
1 0.8641826923076923 0.1346153846153846 0.08653846153846154 0.07211538461538461
1 0.5060096153846154 0.21394230769230768 0.08173076923076923 0.07451923076923077
1 0.36899038461538464 0.23197115384615385 0.0889423076923077 0.07451923076923077
1 0.6574519230769231 0.14182692307692307 0.06490384615384616 0.0625
1 0.6838942307692307 0.11298076923076923 0.04567307692307692 0.055288461538461536
1 0.5985576923076923 0.15865384615384615 0.038461538461538464 0.06490384615384616
1 0.46033653846153844 0.11538461538461539 0.02403846153846154 0.038461538461538464
1 0.5144230769230769 0.17307692307692307 0.038461538461538464 0.052884615384615384
1 0.49038461538461536 0.15745192307692307 0.036057692307692304 0.04567307692307692
2 0.9098557692307693 0.6045673076923077 0.08653846153846154 0.22115384615384615
2 0.49278846153846156 0.7295673076923077 0.04807692307692308 0.18028846153846154
2 0.4699519230769231 0.59375 0.10336538461538461 0.17067307692307693
2 0.44471153846153844 0.4699519230769231 0.05048076923076923 0.15384615384615385
2 0.28966346153846156 0.6875 0.07932692307692307 0.20673076923076922
2 0.4182692307692308 0.22716346153846154 0.038461538461538464 0.06490384615384616
2 0.453125 0.21153846153846154 0.03125 0.07692307692307693
3 0.5612980769230769 0.16947115384615385 0.055288461538461536 0.10576923076923077
3 0.5877403846153846 0.78125 0.18509615384615385 0.4206730769230769