1 0.33052884615384615 0.9314903846153846 0.18028846153846154 0.13221153846153846
1 0.47115384615384615 0.8978365384615384 0.1778846153846154 0.19951923076923078
1 0.3293269230769231 0.5072115384615384 0.15144230769230768 0.12259615384615384
1 0.6995192307692307 0.7680288461538461 0.14423076923076922 0.20432692307692307
1 0.6286057692307693 0.5072115384615384 0.18269230769230768 0.1346153846153846
1 0.7872596153846154 0.46875 0.15865384615384615 0.11298076923076923
1 0.4254807692307692 0.3233173076923077 0.040865384615384616 0.055288461538461536
1 0.4795673076923077 0.3329326923076923 0.04326923076923077 0.0673076923076923
1 0.5432692307692307 0.37740384615384615 0.07692307692307693 0.07932692307692307
1 0.41346153846153844 0.3004807692307692 0.038461538461538464 0.057692307692307696
1 0.45072115384615385 0.265625 0.021634615384615384 0.038461538461538464
2 0.07211538461538461 0.9795673076923077 0.038461538461538464 0.036057692307692304
2 0.2403846153846154 0.7848557692307693 0.08413461538461539 0.17067307692307693
2 0.3605769230769231 0.7475961538461539 0.08173076923076923 0.18509615384615385
2 0.20673076923076922 0.5528846153846154 0.08173076923076923 0.1201923076923077
2 0.2860576923076923 0.5516826923076923 0.08173076923076923 0.11778846153846154
2 0.5685096153846154 0.53125 0.0889423076923077 0.11778846153846154
2 0.4639423076923077 0.359375 0.03125 0.0673076923076923
2 0.5420673076923077 0.390625 0.040865384615384616 0.07211538461538461
3 0.15865384615384615 0.9435096153846154 0.19230769230769232 0.10817307692307693
3 0.8076923076923077 0.8389423076923077 0.19230769230769232 0.2668269230769231