1 0.27403846153846156 0.8052884615384616 0.1778846153846154 0.29086538461538464
1 0.6971153846153846 0.8870192307692307 0.2403846153846154 0.20432692307692307
1 0.8810096153846154 0.8329326923076923 0.20432692307692307 0.25961538461538464
1 0.6634615384615384 0.7103365384615384 0.18269230769230768 0.23798076923076922
1 0.36658653846153844 0.37259615384615385 0.2091346153846154 0.13701923076923078
1 0.07572115384615384 0.23317307692307693 0.09134615384615384 0.07451923076923077
1 0.22716346153846154 0.203125 0.07692307692307693 0.07211538461538461
1 0.5408653846153846 0.24639423076923078 0.10576923076923077 0.08413461538461539
1 0.5336538461538461 0.21394230769230768 0.09134615384615384 0.06490384615384616
1 0.25 0.17668269230769232 0.04567307692307692 0.06490384615384616
1 0.3329326923076923 0.21153846153846154 0.040865384615384616 0.0625
1 0.3245192307692308 0.18990384615384615 0.052884615384615384 0.052884615384615384
1 0.4675480769230769 0.15504807692307693 0.03365384615384615 0.040865384615384616
1 0.47836538461538464 0.21033653846153846 0.03365384615384615 0.06490384615384616
1 0.4338942307692308 0.14302884615384615 0.036057692307692304 0.040865384615384616
2 0.09495192307692307 0.8088942307692307 0.10096153846153846 0.25240384615384615
2 0.2848557692307692 0.6514423076923077 0.11778846153846154 0.16346153846153846
2 0.4807692307692308 0.5372596153846154 0.08413461538461539 0.16105769230769232
2 0.5625 0.7331730769230769 0.06490384615384616 0.23076923076923078
2 0.7524038461538461 0.6490384615384616 0.08173076923076923 0.19951923076923078
2 0.3557692307692308 0.17307692307692307 0.016826923076923076 0.04567307692307692
2 0.39903846153846156 0.17908653846153846 0.021634615384615384 0.055288461538461536
3 0.43990384615384615 0.2127403846153846 0.06971153846153846 0.11298076923076923
3 0.47836538461538464 0.7980769230769231 0.20673076923076922 0.39903846153846156