1 0.2283653846153846 0.8521634615384616 0.21634615384615385 0.29086538461538464
1 0.6983173076923077 0.9086538461538461 0.25961538461538464 0.16105769230769232
1 0.6610576923076923 0.7475961538461539 0.20673076923076922 0.2668269230769231
1 0.8978365384615384 0.8425480769230769 0.19951923076923078 0.22355769230769232
1 0.014423076923076924 0.23317307692307693 0.028846153846153848 0.08653846153846154
1 0.042067307692307696 0.2091346153846154 0.08413461538461539 0.08653846153846154
1 0.1658653846153846 0.15865384615384615 0.052884615384615384 0.06971153846153846
1 0.21394230769230768 0.1814903846153846 0.08173076923076923 0.06971153846153846
1 0.2764423076923077 0.21033653846153846 0.06971153846153846 0.0889423076923077
1 0.40024038461538464 0.14302884615384615 0.04567307692307692 0.06009615384615385
1 0.34375 0.1310096153846154 0.036057692307692304 0.04326923076923077
1 0.5901442307692307 0.19951923076923078 0.09375 0.0889423076923077
1 0.6117788461538461 0.2403846153846154 0.0673076923076923 0.07932692307692307
2 0.09615384615384616 0.8233173076923077 0.10096153846153846 0.25961538461538464
2 0.2668269230769231 0.6574519230769231 0.13221153846153846 0.20192307692307693
2 0.5504807692307693 0.7824519230769231 0.08173076923076923 0.25240384615384615
2 0.7608173076923077 0.6742788461538461 0.10096153846153846 0.22115384615384615
3 0.4735576923076923 0.1971153846153846 0.11298076923076923 0.1466346153846154
3 0.44711538461538464 0.8137019230769231 0.23557692307692307 0.36778846153846156