1 0.6442307692307693 0.8762019230769231 0.15144230769230768 0.22596153846153846
1 0.5192307692307693 0.8341346153846154 0.15625 0.25240384615384615
1 0.4387019230769231 0.9603365384615384 0.17067307692307693 0.07451923076923077
1 0.3425480769230769 0.6213942307692307 0.11778846153846154 0.1658653846153846
1 0.26802884615384615 0.40384615384615385 0.0985576923076923 0.10576923076923077
1 0.34134615384615385 0.44350961538461536 0.13221153846153846 0.0985576923076923
1 0.4795673076923077 0.31850961538461536 0.057692307692307696 0.06971153846153846
1 0.5120192307692307 0.29927884615384615 0.028846153846153848 0.04567307692307692
1 0.5552884615384616 0.24879807692307693 0.026442307692307692 0.040865384615384616
1 0.5096153846153846 0.2403846153846154 0.026442307692307692 0.03365384615384615
1 0.5228365384615384 0.20552884615384615 0.014423076923076924 0.016826923076923076
2 0.8882211538461539 0.9170673076923077 0.06009615384615385 0.16105769230769232
2 0.7223557692307693 0.6911057692307693 0.06490384615384616 0.15865384615384615
2 0.6153846153846154 0.6550480769230769 0.0673076923076923 0.16105769230769232
2 0.38221153846153844 0.4963942307692308 0.052884615384615384 0.09134615384615384
2 0.5745192307692307 0.2764423076923077 0.014423076923076924 0.04326923076923077
2 0.5444711538461539 0.26802884615384615 0.01201923076923077 0.03365384615384615
3 0.796875 0.8870192307692307 0.18028846153846154 0.22115384615384615
3 0.2127403846153846 0.8088942307692307 0.18509615384615385 0.34375