1 0.7403846153846154 0.8413461538461539 0.24278846153846154 0.31009615384615385
1 0.5625 0.859375 0.24519230769230768 0.2764423076923077
1 0.3125 0.8173076923076923 0.21634615384615385 0.3293269230769231
1 0.09495192307692307 0.8725961538461539 0.18990384615384615 0.18269230769230768
1 0.12379807692307693 0.6911057692307693 0.19471153846153846 0.24759615384615385
1 0.2932692307692308 0.625 0.16346153846153846 0.24278846153846154
1 0.5360576923076923 0.671875 0.14903846153846154 0.19471153846153846
1 0.6658653846153846 0.6442307692307693 0.19951923076923078 0.24519230769230768
1 0.4266826923076923 0.2692307692307692 0.18509615384615385 0.1466346153846154
1 0.3088942307692308 0.1935096153846154 0.07692307692307693 0.10096153846153846
1 0.35096153846153844 0.1201923076923077 0.07211538461538461 0.07211538461538461
1 0.37259615384615385 0.015625 0.028846153846153848 0.03125
1 0.18870192307692307 0.12620192307692307 0.07451923076923077 0.0889423076923077
2 0.7463942307692307 0.9122596153846154 0.11298076923076923 0.17067307692307693
2 0.44711538461538464 0.5612980769230769 0.08413461538461539 0.20192307692307693
2 0.3629807692307692 0.5036057692307693 0.0889423076923077 0.19230769230769232
2 0.1935096153846154 0.4795673076923077 0.08173076923076923 0.19230769230769232
2 0.21875 0.43028846153846156 0.0673076923076923 0.16105769230769232
2 0.3605769230769231 0.16706730769230768 0.052884615384615384 0.08413461538461539
0 0.5168269230769231 0.15865384615384615 0.19471153846153846 0.15625