1 0.6478365384615384 0.8978365384615384 0.18990384615384615 0.19951923076923078
1 0.5168269230769231 0.8641826923076923 0.1875 0.2668269230769231
1 0.4230769230769231 0.9759615384615384 0.1971153846153846 0.04326923076923077
1 0.6706730769230769 0.46033653846153844 0.14903846153846154 0.12259615384615384
1 0.30408653846153844 0.6971153846153846 0.14423076923076922 0.19951923076923078
1 0.38221153846153844 0.4483173076923077 0.18028846153846154 0.1346153846153846
1 0.23076923076923078 0.40625 0.15384615384615385 0.11298076923076923
1 0.5841346153846154 0.2800480769230769 0.040865384615384616 0.052884615384615384
1 0.53125 0.28725961538461536 0.04326923076923077 0.06490384615384616
1 0.46875 0.3269230769230769 0.07692307692307693 0.07692307692307693
1 0.5949519230769231 0.25841346153846156 0.038461538461538464 0.055288461538461536
1 0.5612980769230769 0.22355769230769232 0.021634615384615384 0.036057692307692304
2 0.9050480769230769 0.9507211538461539 0.06971153846153846 0.09375
2 0.7451923076923077 0.7283653846153846 0.08653846153846154 0.16346153846153846
2 0.6310096153846154 0.6887019230769231 0.08413461538461539 0.1778846153846154
2 0.7860576923076923 0.5072115384615384 0.08173076923076923 0.11538461538461539
2 0.7103365384615384 0.5024038461538461 0.08173076923076923 0.11298076923076923
2 0.4411057692307692 0.47475961538461536 0.0889423076923077 0.11538461538461539
2 0.5444711538461539 0.3137019230769231 0.03125 0.06490384615384616
2 0.46875 0.3401442307692308 0.04326923076923077 0.06971153846153846
3 0.8125 0.9122596153846154 0.20192307692307693 0.17067307692307693
3 0.1935096153846154 0.796875 0.20432692307692307 0.33413461538461536