1 0.7788461538461539 0.7908653846153846 0.28365384615384615 0.3629807692307692
1 0.5685096153846154 0.8257211538461539 0.2860576923076923 0.34375
1 0.2692307692307692 0.7704326923076923 0.24759615384615385 0.38461538461538464
1 0.0625 0.8509615384615384 0.125 0.21634615384615385
1 0.08052884615384616 0.6286057692307693 0.16105769230769232 0.29086538461538464
1 0.24519230769230768 0.5420673076923077 0.18990384615384615 0.28365384615384615
1 0.5324519230769231 0.5925480769230769 0.17548076923076922 0.23076923076923078
1 0.6875 0.5588942307692307 0.23317307692307693 0.2860576923076923
1 0.3954326923076923 0.1201923076923077 0.21875 0.17067307692307693
1 0.2536057692307692 0.046875 0.09375 0.09375
1 0.10817307692307693 0.006009615384615385 0.08653846153846154 0.01201923076923077
2 0.7860576923076923 0.8858173076923077 0.12980769230769232 0.22355769230769232
2 0.4266826923076923 0.4639423076923077 0.09615384615384616 0.23798076923076922
2 0.3245192307692308 0.39783653846153844 0.10336538461538461 0.2283653846153846
2 0.12259615384615384 0.3737980769230769 0.09134615384615384 0.22596153846153846
2 0.15264423076923078 0.31490384615384615 0.07692307692307693 0.1875
2 0.3125 0.026442307692307692 0.0625 0.052884615384615384
0 0.49399038461538464 0.040865384615384616 0.22355769230769232 0.08173076923076923