1 0.640625 0.640625 0.2091346153846154 0.31490384615384615
1 0.6346153846153846 0.8497596153846154 0.2283653846153846 0.28846153846153844
1 0.8353365384615384 0.5180288461538461 0.1875 0.2764423076923077
1 0.8966346153846154 0.7644230769230769 0.20192307692307693 0.3605769230769231
1 0.6911057692307693 0.38221153846153844 0.15384615384615385 0.20432692307692307
1 0.015625 0.19471153846153846 0.03125 0.10096153846153846
1 0.13701923076923078 0.20793269230769232 0.15865384615384615 0.12259615384615384
1 0.036057692307692304 0.12860576923076922 0.06971153846153846 0.0673076923076923
1 0.06850961538461539 0.11298076923076923 0.0673076923076923 0.0673076923076923
2 0.2704326923076923 0.6490384615384616 0.10096153846153846 0.25721153846153844
2 0.5348557692307693 0.33653846153846156 0.08413461538461539 0.17067307692307693
2 0.8545673076923077 0.26322115384615385 0.06490384615384616 0.15144230769230768