1 0.30528846153846156 0.8665865384615384 0.2980769230769231 0.2620192307692308
1 0.5204326923076923 0.8858173076923077 0.28125 0.22355769230769232
1 0.8257211538461539 0.8341346153846154 0.24759615384615385 0.2764423076923077
1 0.9699519230769231 0.75 0.055288461538461536 0.2980769230769231
1 0.8569711538461539 0.6574519230769231 0.19951923076923078 0.29086538461538464
1 0.5564903846153846 0.7223557692307693 0.18509615384615385 0.25
1 0.3942307692307692 0.6754807692307693 0.24519230769230768 0.2956730769230769
1 0.5769230769230769 0.25961538461538464 0.12259615384615384 0.14903846153846154
1 0.7572115384615384 0.018028846153846152 0.0625 0.036057692307692304
2 0.2932692307692308 0.9543269230769231 0.125 0.08653846153846154
2 0.7536057692307693 0.4675480769230769 0.10096153846153846 0.22115384615384615
2 0.8209134615384616 0.4411057692307692 0.10096153846153846 0.17307692307692307
2 0.9615384615384616 0.484375 0.07211538461538461 0.23798076923076922
2 0.9399038461538461 0.42427884615384615 0.07211538461538461 0.1971153846153846
0 0.7860576923076923 0.17548076923076922 0.3894230769230769 0.35096153846153844