1 0.6862980769230769 0.7776442307692307 0.15625 0.2644230769230769
1 0.27283653846153844 0.90625 0.21875 0.18028846153846154
1 0.0829326923076923 0.8701923076923077 0.1658653846153846 0.25
1 0.29086538461538464 0.7223557692307693 0.16346153846153846 0.20673076923076922
1 0.828125 0.18990384615384615 0.08413461538461539 0.07211538461538461
1 0.6478365384615384 0.15264423076923078 0.04326923076923077 0.06009615384615385
1 0.5649038461538461 0.19110576923076922 0.04326923076923077 0.055288461538461536
1 0.5240384615384616 0.20192307692307693 0.06490384615384616 0.06490384615384616
1 0.484375 0.23918269230769232 0.09134615384615384 0.07451923076923077
1 0.265625 0.25 0.038461538461538464 0.09134615384615384
1 0.3629807692307692 0.2283653846153846 0.07692307692307693 0.06971153846153846
1 0.3329326923076923 0.35216346153846156 0.13942307692307693 0.12980769230769232
2 0.8161057692307693 0.6430288461538461 0.07451923076923077 0.20673076923076922
2 0.390625 0.7367788461538461 0.04567307692307692 0.21394230769230768
2 0.23076923076923078 0.5901442307692307 0.052884615384615384 0.18269230769230768
2 0.18629807692307693 0.6706730769230769 0.04567307692307692 0.1778846153846154
2 0.33533653846153844 0.43028846153846156 0.036057692307692304 0.14423076923076922
2 0.3701923076923077 0.2403846153846154 0.03365384615384615 0.0673076923076923
3 0.5240384615384616 0.14903846153846154 0.036057692307692304 0.06009615384615385
3 0.4855769230769231 0.8028846153846154 0.15865384615384615 0.3918269230769231