1 0.3713942307692308 0.90625 0.16105769230769232 0.18269230769230768
1 0.5036057692307693 0.8798076923076923 0.16105769230769232 0.23557692307692307
1 0.7043269230769231 0.671875 0.1201923076923077 0.16105769230769232
1 0.25721153846153844 0.5252403846153846 0.08653846153846154 0.10096153846153846
1 0.2608173076923077 0.47475961538461536 0.0889423076923077 0.08653846153846154
1 0.5372596153846154 0.31009615384615385 0.036057692307692304 0.055288461538461536
1 0.5168269230769231 0.2932692307692308 0.021634615384615384 0.038461538461538464
1 0.5360576923076923 0.24278846153846154 0.021634615384615384 0.036057692307692304
1 0.53125 0.27283653846153844 0.019230769230769232 0.016826923076923076
1 0.48677884615384615 0.25240384615384615 0.021634615384615384 0.036057692307692304
2 0.10697115384615384 0.9399038461538461 0.055288461538461536 0.11538461538461539
2 0.29447115384615385 0.7331730769230769 0.06009615384615385 0.17307692307692307
2 0.40625 0.6983173076923077 0.06009615384615385 0.17067307692307693
2 0.6658653846153846 0.5396634615384616 0.06009615384615385 0.11538461538461539
2 0.4735576923076923 0.27163461538461536 0.01201923076923077 0.036057692307692304
2 0.4963942307692308 0.2764423076923077 0.007211538461538462 0.036057692307692304
0 0.6466346153846154 0.44350961538461536 0.33413461538461536 0.25721153846153844
3 0.20793269230769232 0.9122596153846154 0.17548076923076922 0.17067307692307693
3 0.8293269230769231 0.8401442307692307 0.17067307692307693 0.28846153846153844