1 0.4831730769230769 0.875 0.17307692307692307 0.24519230769230768
1 0.3605769230769231 0.5685096153846154 0.1346153846153846 0.18269230769230768
1 0.5817307692307693 0.14543269230769232 0.04326923076923077 0.06009615384615385
1 0.037259615384615384 0.28966346153846156 0.07451923076923077 0.0889423076923077
2 0.47836538461538464 0.5084134615384616 0.05048076923076923 0.16346153846153846
2 0.8125 0.8581730769230769 0.07932692307692307 0.25240384615384615
2 0.7740384615384616 0.6286057692307693 0.057692307692307696 0.19951923076923078
2 0.25600961538461536 0.8713942307692307 0.09375 0.25240384615384615
2 0.7536057692307693 0.30649038461538464 0.06971153846153846 0.10576923076923077
2 0.40865384615384615 0.7439903846153846 0.07211538461538461 0.22115384615384615
3 0.4675480769230769 0.33413461538461536 0.19951923076923078 0.18269230769230768
3 0.015625 0.15144230769230768 0.03125 0.11057692307692307
3 0.24759615384615385 0.2536057692307692 0.11057692307692307 0.12740384615384615