1 0.3269230769230769 0.8329326923076923 0.16346153846153846 0.3293269230769231
1 0.49278846153846156 0.8076923076923077 0.15144230769230768 0.2932692307692308
1 0.5973557692307693 0.5673076923076923 0.12740384615384615 0.16826923076923078
1 0.3942307692307692 0.17908653846153846 0.038461538461538464 0.057692307692307696
1 0.45072115384615385 0.19230769230769232 0.05048076923076923 0.055288461538461536
1 0.5420673076923077 0.20072115384615385 0.055288461538461536 0.06490384615384616
2 0.30288461538461536 0.5408653846153846 0.05048076923076923 0.15144230769230768
2 0.3798076923076923 0.5396634615384616 0.057692307692307696 0.17307692307692307
2 0.42788461538461536 0.5228365384615384 0.052884615384615384 0.16105769230769232
2 0.48197115384615385 0.5252403846153846 0.057692307692307696 0.17067307692307693
3 0.9038461538461539 0.12139423076923077 0.0625 0.11538461538461539
3 0.35336538461538464 0.18028846153846154 0.05048076923076923 0.08653846153846154
3 0.7716346153846154 0.2439903846153846 0.19951923076923078 0.17067307692307693