1 0.8076923076923077 0.8641826923076923 0.25961538461538464 0.2668269230769231
1 0.6358173076923077 0.6454326923076923 0.14903846153846154 0.22355769230769232
1 0.6009615384615384 0.8305288461538461 0.1971153846153846 0.33413461538461536
1 0.3942307692307692 0.5661057692307693 0.15625 0.16826923076923078
1 0.3112980769230769 0.7007211538461539 0.1778846153846154 0.27884615384615385
1 0.31850961538461536 0.5024038461538461 0.13942307692307693 0.18509615384615385
1 0.5072115384615384 0.3485576923076923 0.09615384615384616 0.12980769230769232
1 0.35336538461538464 0.23317307692307693 0.08173076923076923 0.07932692307692307
1 0.20432692307692307 0.25841346153846156 0.09375 0.0985576923076923
1 0.34134615384615385 0.15144230769230768 0.06971153846153846 0.06009615384615385
2 0.22596153846153846 0.6069711538461539 0.07211538461538461 0.22115384615384615
2 0.6322115384615384 0.19110576923076922 0.02403846153846154 0.057692307692307696
2 0.3581730769230769 0.2536057692307692 0.038461538461538464 0.08413461538461539
0 0.19831730769230768 0.16346153846153846 0.21394230769230768 0.17067307692307693
3 0.390625 0.8125 0.23557692307692307 0.3701923076923077