1 0.29447115384615385 0.9230769230769231 0.18028846153846154 0.14903846153846154
1 0.4362980769230769 0.8870192307692307 0.19471153846153846 0.22115384615384615
1 0.6382211538461539 0.6887019230769231 0.15144230769230768 0.20432692307692307
1 0.13822115384615385 0.5144230769230769 0.11538461538461539 0.11538461538461539
1 0.3605769230769231 0.5 0.16105769230769232 0.13701923076923078
1 0.5913461538461539 0.3401442307692308 0.11778846153846154 0.09615384615384616
1 0.4675480769230769 0.3329326923076923 0.057692307692307696 0.07211538461538461
1 0.4254807692307692 0.2980769230769231 0.04567307692307692 0.06490384615384616
1 0.421875 0.2512019230769231 0.03365384615384615 0.05048076923076923
1 0.40384615384615385 0.20432692307692307 0.019230769230769232 0.038461538461538464
1 0.36778846153846156 0.2608173076923077 0.03365384615384615 0.05048076923076923
1 0.3605769230769231 0.18629807692307693 0.019230769230769232 0.019230769230769232
2 0.1971153846153846 0.7668269230769231 0.08653846153846154 0.18028846153846154
2 0.3233173076923077 0.7223557692307693 0.0985576923076923 0.1875
2 0.578125 0.5709134615384616 0.0625 0.1466346153846154
2 0.5829326923076923 0.5264423076923077 0.06971153846153846 0.12980769230769232
2 0.7307692307692307 0.6237980769230769 0.055288461538461536 0.13221153846153846
2 0.3545673076923077 0.3076923076923077 0.019230769230769232 0.06009615384615385
2 0.3870192307692308 0.28966346153846156 0.016826923076923076 0.04807692307692308
2 0.34375 0.2512019230769231 0.019230769230769232 0.04326923076923077
3 0.13581730769230768 0.9350961538461539 0.17067307692307693 0.125
3 0.7908653846153846 0.8233173076923077 0.21153846153846154 0.2956730769230769