1 0.5456730769230769 0.49759615384615385 0.16826923076923078 0.22596153846153846
1 0.6814903846153846 0.37740384615384615 0.15384615384615385 0.17548076923076922
1 0.8173076923076923 0.28365384615384615 0.22115384615384615 0.1875
1 0.5564903846153846 0.34375 0.16105769230769232 0.17307692307692307
1 0.42427884615384615 0.3918269230769231 0.12259615384615384 0.18269230769230768
1 0.4411057692307692 0.8966346153846154 0.24759615384615385 0.20192307692307693
1 0.6574519230769231 0.1310096153846154 0.13701923076923078 0.10817307692307693
1 0.5540865384615384 0.10576923076923077 0.1466346153846154 0.12259615384615384
2 0.13701923076923078 0.29447115384615385 0.06971153846153846 0.1658653846153846
2 0.09495192307692307 0.22716346153846154 0.0625 0.16105769230769232
2 0.47475961538461536 0.33052884615384615 0.0673076923076923 0.15865384615384615