1 0.7740384615384616 0.7728365384615384 0.22355769230769232 0.28846153846153844
1 0.609375 0.8461538461538461 0.22355769230769232 0.30288461538461536
1 0.35697115384615385 0.8293269230769231 0.19951923076923078 0.31009615384615385
1 0.13942307692307693 0.9194711538461539 0.23076923076923078 0.15625
1 0.15264423076923078 0.7427884615384616 0.17548076923076922 0.23798076923076922
1 0.30408653846153844 0.6442307692307693 0.1466346153846154 0.22596153846153846
1 0.5480769230769231 0.6478365384615384 0.13701923076923078 0.19230769230769232
1 0.6658653846153846 0.5901442307692307 0.18269230769230768 0.2283653846153846
1 0.5865384615384616 0.2956730769230769 0.10817307692307693 0.10336538461538461
1 0.2800480769230769 0.10216346153846154 0.038461538461538464 0.038461538461538464
2 0.8004807692307693 0.8689903846153846 0.10096153846153846 0.22355769230769232
2 0.32211538461538464 0.46033653846153844 0.057692307692307696 0.15865384615384615
2 0.29927884615384615 0.4699519230769231 0.07211538461538461 0.13221153846153846
2 0.20552884615384615 0.47115384615384615 0.04567307692307692 0.15865384615384615
2 0.18028846153846154 0.5276442307692307 0.06971153846153846 0.18509615384615385
0 0.29447115384615385 0.25240384615384615 0.49038461538461536 0.30528846153846156