1 0.7872596153846154 0.8161057692307693 0.22355769230769232 0.28846153846153844
1 0.6069711538461539 0.8605769230769231 0.21394230769230768 0.2764423076923077
1 0.35216346153846156 0.8449519230769231 0.18990384615384615 0.30288461538461536
1 0.11778846153846154 0.9266826923076923 0.22596153846153846 0.14182692307692307
1 0.1466346153846154 0.7439903846153846 0.17067307692307693 0.23317307692307693
1 0.30528846153846156 0.65625 0.13701923076923078 0.23076923076923078
1 0.5564903846153846 0.6742788461538461 0.14182692307692307 0.18990384615384615
1 0.6826923076923077 0.6201923076923077 0.18509615384615385 0.23076923076923078
1 0.5408653846153846 0.3016826923076923 0.10336538461538461 0.10336538461538461
1 0.3112980769230769 0.10576923076923077 0.040865384615384616 0.04807692307692308
2 0.8028846153846154 0.8978365384615384 0.0889423076923077 0.19230769230769232
2 0.35697115384615385 0.484375 0.06009615384615385 0.17067307692307693
2 0.31009615384615385 0.47716346153846156 0.06971153846153846 0.1346153846153846
2 0.18269230769230768 0.5288461538461539 0.057692307692307696 0.18990384615384615
2 0.2127403846153846 0.47475961538461536 0.038461538461538464 0.16105769230769232
0 0.24879807692307693 0.24639423076923078 0.49759615384615385 0.30528846153846156