1 0.6670673076923077 0.8185096153846154 0.15865384615384615 0.3605769230769231
1 0.4735576923076923 0.8521634615384616 0.17307692307692307 0.29086538461538464
1 0.3798076923076923 0.5324519230769231 0.13942307692307693 0.1778846153846154
1 0.3016826923076923 0.2932692307692308 0.1201923076923077 0.11057692307692307
1 0.14302884615384615 0.19831730769230768 0.09615384615384616 0.08173076923076923
1 0.6598557692307693 0.11538461538461539 0.04326923076923077 0.06009615384615385
2 0.8016826923076923 0.8137019230769231 0.07211538461538461 0.25961538461538464
2 0.7692307692307693 0.609375 0.055288461538461536 0.1875
2 0.5012019230769231 0.484375 0.052884615384615384 0.17307692307692307
2 0.4423076923076923 0.6466346153846154 0.0625 0.1658653846153846
2 0.2848557692307692 0.78125 0.08173076923076923 0.2548076923076923
3 0.6658653846153846 0.30408653846153844 0.20673076923076922 0.18509615384615385
3 0.04927884615384615 0.07451923076923077 0.06009615384615385 0.12259615384615384
3 0.3485576923076923 0.1875 0.09375 0.125