1 0.7091346153846154 0.8125 0.18509615384615385 0.25961538461538464
1 0.5649038461538461 0.7872596153846154 0.18269230769230768 0.2644230769230769
1 0.5060096153846154 0.9519230769230769 0.19471153846153846 0.09134615384615384
1 0.30528846153846156 0.6778846153846154 0.1466346153846154 0.2091346153846154
1 0.6947115384615384 0.34134615384615385 0.14903846153846154 0.11778846153846154
1 0.39783653846153844 0.4050480769230769 0.18028846153846154 0.12259615384615384
1 0.234375 0.40625 0.16826923076923078 0.11538461538461539
1 0.38221153846153844 0.2608173076923077 0.06971153846153846 0.07692307692307693
1 0.4651442307692308 0.18509615384615385 0.036057692307692304 0.052884615384615384
1 0.41346153846153844 0.20552884615384615 0.040865384615384616 0.06009615384615385
1 0.4230769230769231 0.13822115384615385 0.026442307692307692 0.04326923076923077
2 0.9759615384615384 0.8269230769230769 0.04326923076923077 0.22596153846153846
2 0.75 0.5853365384615384 0.08173076923076923 0.17067307692307693
2 0.6225961538461539 0.578125 0.0889423076923077 0.1875
2 0.7536057692307693 0.36658653846153844 0.08413461538461539 0.11057692307692307
2 0.46634615384615385 0.4182692307692308 0.09134615384615384 0.13221153846153846
2 0.3473557692307692 0.5036057692307693 0.052884615384615384 0.11778846153846154
2 0.4423076923076923 0.22355769230769232 0.026442307692307692 0.0673076923076923
2 0.4026442307692308 0.26802884615384615 0.028846153846153848 0.06971153846153846
3 0.8786057692307693 0.8161057692307693 0.20192307692307693 0.2956730769230769
3 0.22115384615384615 0.8173076923076923 0.20673076923076922 0.3605769230769231