1 0.23076923076923078 0.7163461538461539 0.18509615384615385 0.25961538461538464
1 0.38461538461538464 0.7355769230769231 0.15144230769230768 0.34615384615384615
1 0.43149038461538464 0.5757211538461539 0.1346153846153846 0.20192307692307693
1 0.6790865384615384 0.7235576923076923 0.13221153846153846 0.2620192307692308
1 0.8413461538461539 0.9158653846153846 0.27403846153846156 0.16346153846153846
1 0.6165865384615384 0.53125 0.10576923076923077 0.13701923076923078
1 0.7524038461538461 0.5252403846153846 0.11778846153846154 0.16346153846153846
1 0.7944711538461539 0.3485576923076923 0.09615384615384616 0.11538461538461539
1 0.6550480769230769 0.23677884615384615 0.07932692307692307 0.08413461538461539
1 0.9951923076923077 0.296875 0.004807692307692308 0.08413461538461539
2 0.7740384615384616 0.6634615384615384 0.0673076923076923 0.23317307692307693
2 0.9507211538461539 0.8834134615384616 0.06490384615384616 0.2283653846153846
2 0.4579326923076923 0.15625 0.019230769230769232 0.055288461538461536
3 0.5721153846153846 0.7920673076923077 0.20192307692307693 0.4110576923076923