1 0.21754807692307693 0.6959134615384616 0.15625 0.27163461538461536
1 0.6213942307692307 0.6682692307692307 0.16346153846153846 0.21394230769230768
1 0.625 0.8786057692307693 0.23076923076923078 0.23798076923076922
1 0.8233173076923077 0.8521634615384616 0.18990384615384615 0.29086538461538464
1 0.1201923076923077 0.09735576923076923 0.08413461538461539 0.06971153846153846
1 0.15985576923076922 0.08173076923076923 0.07932692307692307 0.06009615384615385
1 0.33052884615384615 0.0985576923076923 0.0673076923076923 0.0625
1 0.3004807692307692 0.06971153846153846 0.038461538461538464 0.06009615384615385
1 0.3918269230769231 0.1346153846153846 0.052884615384615384 0.06971153846153846
1 0.6706730769230769 0.18509615384615385 0.06490384615384616 0.06490384615384616
1 0.5060096153846154 0.0985576923076923 0.040865384615384616 0.05048076923076923
1 0.4567307692307692 0.07692307692307693 0.03365384615384615 0.036057692307692304
2 0.037259615384615384 0.8377403846153846 0.07451923076923077 0.28125
2 0.10697115384615384 0.6478365384615384 0.06971153846153846 0.23557692307692307
2 0.265625 0.5276442307692307 0.10336538461538461 0.1658653846153846
2 0.5192307692307693 0.6838942307692307 0.04807692307692308 0.23317307692307693
2 0.7259615384615384 0.6298076923076923 0.07451923076923077 0.19230769230769232
2 0.9519230769230769 0.9362980769230769 0.057692307692307696 0.12259615384615384
3 0.5829326923076923 0.16346153846153846 0.09134615384615384 0.11298076923076923
3 0.421875 0.7439903846153846 0.18028846153846154 0.4326923076923077