1 0.21754807692307693 0.8185096153846154 0.24519230769230768 0.31971153846153844
1 0.39783653846153844 0.8641826923076923 0.23798076923076922 0.2668269230769231
1 0.6682692307692307 0.8581730769230769 0.21634615384615385 0.27884615384615385
1 0.8701923076923077 0.9495192307692307 0.19230769230769232 0.09615384615384616
1 0.8834134615384616 0.7932692307692307 0.18509615384615385 0.2548076923076923
1 0.7247596153846154 0.6850961538461539 0.16105769230769232 0.2403846153846154
1 0.46634615384615385 0.6911057692307693 0.14903846153846154 0.21153846153846154
1 0.33774038461538464 0.6189903846153846 0.19951923076923078 0.23798076923076922
1 0.7608173076923077 0.10697115384615384 0.040865384615384616 0.040865384615384616
2 0.1971153846153846 0.8894230769230769 0.10817307692307693 0.17307692307692307
2 0.7319711538461539 0.4879807692307692 0.0889423076923077 0.16105769230769232
2 0.8353365384615384 0.5048076923076923 0.05048076923076923 0.17067307692307693
2 0.8545673076923077 0.5612980769230769 0.07211538461538461 0.20432692307692307
0 0.6995192307692307 0.265625 0.5144230769230769 0.31490384615384615