1 0.27283653846153844 0.9182692307692307 0.15865384615384615 0.15865384615384615
1 0.42427884615384615 0.890625 0.14903846153846154 0.21394230769230768
1 0.6802884615384616 0.8004807692307693 0.12980769230769232 0.2091346153846154
1 0.30649038461538464 0.515625 0.0985576923076923 0.0985576923076923
1 0.31009615384615385 0.484375 0.10096153846153846 0.08173076923076923
1 0.5240384615384616 0.4723557692307692 0.13701923076923078 0.10817307692307693
1 0.6237980769230769 0.38461538461538464 0.08173076923076923 0.07211538461538461
1 0.5120192307692307 0.33052884615384615 0.038461538461538464 0.0625
1 0.453125 0.3161057692307692 0.038461538461538464 0.057692307692307696
1 0.4831730769230769 0.25961538461538464 0.02403846153846154 0.036057692307692304
1 0.4735576923076923 0.23076923076923078 0.014423076923076924 0.028846153846153848
1 0.4375 0.2848557692307692 0.028846153846153848 0.04326923076923077
1 0.4567307692307692 0.26802884615384615 0.016826923076923076 0.03365384615384615
1 0.4423076923076923 0.23798076923076922 0.019230769230769232 0.028846153846153848
2 0.009615384615384616 0.9423076923076923 0.019230769230769232 0.11057692307692307
2 0.19951923076923078 0.7379807692307693 0.038461538461538464 0.1658653846153846
2 0.33052884615384615 0.7139423076923077 0.055288461538461536 0.18269230769230768
2 0.5949519230769231 0.5973557692307693 0.028846153846153848 0.1346153846153846
2 0.3954326923076923 0.4987980769230769 0.0673076923076923 0.11538461538461539
2 0.4879807692307692 0.5120192307692307 0.07211538461538461 0.11057692307692307
2 0.6165865384615384 0.5552884615384616 0.038461538461538464 0.11057692307692307
2 0.7439903846153846 0.6322115384615384 0.04326923076923077 0.1201923076923077
2 0.5180288461538461 0.359375 0.019230769230769232 0.07692307692307693
3 0.10576923076923077 0.9206730769230769 0.17307692307692307 0.15384615384615385
3 0.7764423076923077 0.8677884615384616 0.17307692307692307 0.25961538461538464