1 0.3088942307692308 0.734375 0.16105769230769232 0.2548076923076923
1 0.7007211538461539 0.859375 0.22355769230769232 0.25961538461538464
1 0.6682692307692307 0.6550480769230769 0.16105769230769232 0.20192307692307693
1 0.8737980769230769 0.8004807692307693 0.18269230769230768 0.28365384615384615
1 0.13341346153846154 0.2091346153846154 0.07932692307692307 0.0673076923076923
1 0.28846153846153844 0.18269230769230768 0.06971153846153846 0.0625
1 0.2956730769230769 0.15384615384615385 0.04326923076923077 0.05048076923076923
1 0.3858173076923077 0.19591346153846154 0.04326923076923077 0.05048076923076923
1 0.4050480769230769 0.21033653846153846 0.06490384615384616 0.07451923076923077
1 0.4795673076923077 0.19110576923076922 0.04807692307692308 0.0625
1 0.46033653846153844 0.13701923076923078 0.040865384615384616 0.040865384615384616
1 0.41947115384615385 0.14903846153846154 0.026442307692307692 0.036057692307692304
1 0.4723557692307692 0.15264423076923078 0.036057692307692304 0.036057692307692304
1 0.5036057692307693 0.14423076923076922 0.038461538461538464 0.04326923076923077
1 0.6021634615384616 0.20552884615384615 0.0625 0.057692307692307696
2 0.18028846153846154 0.7704326923076923 0.07932692307692307 0.23076923076923078
2 0.234375 0.6442307692307693 0.08173076923076923 0.1971153846153846
2 0.5757211538461539 0.6730769230769231 0.052884615384615384 0.1971153846153846
2 0.7536057692307693 0.6021634615384616 0.07211538461538461 0.17307692307692307
2 0.9903846153846154 0.8725961538461539 0.014423076923076924 0.15865384615384615
2 0.2439903846153846 0.203125 0.036057692307692304 0.06009615384615385
2 0.3425480769230769 0.17427884615384615 0.028846153846153848 0.05048076923076923
2 0.4699519230769231 0.203125 0.028846153846153848 0.0625
3 0.49038461538461536 0.75 0.19951923076923078 0.3918269230769231
3 0.6358173076923077 0.21514423076923078 0.07692307692307693 0.09615384615384616