1 0.7307692307692307 0.8173076923076923 0.17548076923076922 0.23798076923076922
1 0.6021634615384616 0.8028846153846154 0.17067307692307693 0.2548076923076923
1 0.5600961538461539 0.9495192307692307 0.1778846153846154 0.09615384615384616
1 0.3858173076923077 0.6502403846153846 0.12740384615384615 0.16826923076923078
1 0.7211538461538461 0.42908653846153844 0.11057692307692307 0.10817307692307693
1 0.7043269230769231 0.3918269230769231 0.11298076923076923 0.09615384615384616
1 0.4639423076923077 0.2932692307692308 0.040865384615384616 0.055288461538461536
1 0.47836538461538464 0.2704326923076923 0.028846153846153848 0.04807692307692308
1 0.5 0.23076923076923078 0.02403846153846154 0.038461538461538464
1 0.453125 0.22716346153846154 0.02403846153846154 0.03365384615384615
2 0.9711538461538461 0.8221153846153846 0.052884615384615384 0.21634615384615385
2 0.7644230769230769 0.6262019230769231 0.06971153846153846 0.15144230769230768
2 0.6502403846153846 0.6141826923076923 0.08173076923076923 0.16346153846153846
2 0.3942307692307692 0.5192307692307693 0.06971153846153846 0.11538461538461539
2 0.515625 0.2439903846153846 0.014423076923076924 0.03365384615384615
2 0.49278846153846156 0.25 0.014423076923076924 0.03125
0 0.35216346153846156 0.4411057692307692 0.3317307692307692 0.2692307692307692
3 0.8846153846153846 0.8173076923076923 0.1875 0.2692307692307692
3 0.3112980769230769 0.8401442307692307 0.19951923076923078 0.31490384615384615