1 0.7584134615384616 0.6790865384615384 0.17307692307692307 0.28125
1 0.3786057692307692 0.8737980769230769 0.24278846153846154 0.24759615384615385
1 0.36899038461538464 0.6730769230769231 0.17307692307692307 0.22596153846153846
1 0.1875 0.8545673076923077 0.19951923076923078 0.28125
1 0.8317307692307693 0.2403846153846154 0.1346153846153846 0.125
1 0.4423076923076923 0.2980769230769231 0.16826923076923078 0.12980769230769232
1 0.8233173076923077 0.08774038461538461 0.08413461538461539 0.07692307692307693
1 0.6454326923076923 0.06850961538461539 0.04326923076923077 0.052884615384615384
1 0.6334134615384616 0.09975961538461539 0.0673076923076923 0.06971153846153846
1 0.5709134615384616 0.12379807692307693 0.036057692307692304 0.06009615384615385
1 0.5516826923076923 0.10697115384615384 0.04326923076923077 0.055288461538461536
1 0.44591346153846156 0.1814903846153846 0.0889423076923077 0.07932692307692307
1 0.4326923076923077 0.15625 0.07932692307692307 0.0625
1 0.3076923076923077 0.203125 0.0889423076923077 0.06971153846153846
1 0.421875 0.09975961538461539 0.03365384615384615 0.04807692307692308
1 0.44350961538461536 0.078125 0.021634615384615384 0.03365384615384615
2 0.8990384615384616 0.5769230769230769 0.08653846153846154 0.22115384615384615
2 0.4387019230769231 0.44350961538461536 0.057692307692307696 0.15865384615384615
2 0.46875 0.6766826923076923 0.057692307692307696 0.22355769230769232
2 0.2692307692307692 0.6358173076923077 0.08173076923076923 0.19471153846153846
3 0.5673076923076923 0.7403846153846154 0.18990384615384615 0.42788461538461536
3 0.5144230769230769 0.13942307692307693 0.055288461538461536 0.11057692307692307