1 0.13581730769230768 0.8870192307692307 0.22355769230769232 0.22115384615384615
1 0.31971153846153844 0.6742788461538461 0.1658653846153846 0.2403846153846154
1 0.35336538461538464 0.8509615384615384 0.20192307692307693 0.2932692307692308
1 0.6057692307692307 0.5985576923076923 0.16826923076923078 0.1875
1 0.6838942307692307 0.7572115384615384 0.19230769230769232 0.3245192307692308
1 0.6862980769230769 0.5396634615384616 0.14903846153846154 0.21875
1 0.47596153846153844 0.34615384615384615 0.0985576923076923 0.14182692307692307
1 0.6502403846153846 0.22716346153846154 0.08653846153846154 0.0889423076923077
1 0.8064903846153846 0.2692307692307692 0.0985576923076923 0.11538461538461539
1 0.6923076923076923 0.1346153846153846 0.06971153846153846 0.07211538461538461
2 0.7848557692307693 0.6502403846153846 0.07692307692307693 0.2692307692307692
2 0.3581730769230769 0.15985576923076922 0.03125 0.06490384615384616
2 0.30408653846153844 0.14423076923076922 0.02403846153846154 0.06009615384615385
2 0.6322115384615384 0.25240384615384615 0.04807692307692308 0.09134615384615384
0 0.875 0.052884615384615384 0.06490384615384616 0.055288461538461536
0 0.8257211538461539 0.15865384615384615 0.21875 0.18509615384615385
3 0.5985576923076923 0.8389423076923077 0.2548076923076923 0.3173076923076923