1 0.6875 0.8509615384615384 0.2692307692307692 0.2932692307692308
1 0.4987980769230769 0.8713942307692307 0.25240384615384615 0.25240384615384615
1 0.22716346153846154 0.8245192307692307 0.23076923076923078 0.30528846153846156
1 0.046875 0.8882211538461539 0.09375 0.12740384615384615
1 0.06370192307692307 0.7199519230769231 0.12740384615384615 0.29086538461538464
1 0.20192307692307693 0.6382211538461539 0.18028846153846154 0.2620192307692308
1 0.4699519230769231 0.6899038461538461 0.16105769230769232 0.21153846153846154
1 0.609375 0.6574519230769231 0.21875 0.2620192307692308
1 0.5060096153846154 0.28125 0.19951923076923078 0.15384615384615385
1 0.39663461538461536 0.17908653846153846 0.125 0.0985576923076923
1 0.22956730769230768 0.17668269230769232 0.10336538461538461 0.11778846153846154
1 0.2800480769230769 0.08173076923076923 0.06009615384615385 0.07932692307692307
1 0.16105769230769232 0.10096153846153846 0.11057692307692307 0.0985576923076923
2 0.6995192307692307 0.9266826923076923 0.1201923076923077 0.14182692307692307
2 0.35096153846153844 0.53125 0.08413461538461539 0.20192307692307693
2 0.25961538461538464 0.4831730769230769 0.09615384615384616 0.19471153846153846
2 0.09254807692307693 0.4855769230769231 0.08653846153846154 0.21634615384615385
2 0.12980769230769232 0.4326923076923077 0.0625 0.18028846153846154
2 0.2800480769230769 0.13341346153846154 0.04326923076923077 0.07932692307692307
0 0.44471153846153844 0.12379807692307693 0.2091346153846154 0.1658653846153846
0 0.08173076923076923 0.17908653846153846 0.12259615384615384 0.29086538461538464