1 0.7379807692307693 0.8076923076923077 0.23076923076923078 0.31009615384615385
1 0.5528846153846154 0.8569711538461539 0.21394230769230768 0.28125
1 0.28365384615384615 0.8257211538461539 0.19230769230769232 0.3173076923076923
1 0.07451923076923077 0.9170673076923077 0.14903846153846154 0.16105769230769232
1 0.07932692307692307 0.7235576923076923 0.15384615384615385 0.24278846153846154
1 0.23798076923076922 0.6298076923076923 0.14423076923076922 0.2403846153846154
1 0.5 0.6526442307692307 0.13942307692307693 0.19951923076923078
1 0.6358173076923077 0.59375 0.18509615384615385 0.23317307692307693
1 0.3737980769230769 0.15625 0.11538461538461539 0.07692307692307693
1 0.30408653846153844 0.24759615384615385 0.1875 0.13221153846153846
1 0.17307692307692307 0.2247596153846154 0.10576923076923077 0.10096153846153846
1 0.20072115384615385 0.14543269230769232 0.11778846153846154 0.07692307692307693
1 0.25240384615384615 0.025240384615384616 0.028846153846153848 0.05048076923076923
2 0.7560096153846154 0.8954326923076923 0.08413461538461539 0.20432692307692307
2 0.38822115384615385 0.6802884615384616 0.0673076923076923 0.24519230769230768
2 0.359375 0.5709134615384616 0.055288461538461536 0.21394230769230768
2 0.11538461538461539 0.49038461538461536 0.052884615384615384 0.20432692307692307
2 0.14302884615384615 0.4375 0.036057692307692304 0.16826923076923078
0 0.41346153846153844 0.08774038461538461 0.1875 0.12259615384615384