1 0.7163461538461539 0.6875 0.16346153846153846 0.28846153846153844
1 0.3088942307692308 0.8689903846153846 0.2283653846153846 0.25721153846153844
1 0.11298076923076923 0.8401442307692307 0.18269230769230768 0.31009615384615385
1 0.3112980769230769 0.6478365384615384 0.16346153846153846 0.22596153846153846
1 0.8545673076923077 0.23317307692307693 0.0673076923076923 0.11298076923076923
1 0.47115384615384615 0.2644230769230769 0.16346153846153846 0.125
1 0.8245192307692307 0.07451923076923077 0.07932692307692307 0.06971153846153846
1 0.28365384615384615 0.15384615384615385 0.07932692307692307 0.0673076923076923
1 0.4387019230769231 0.1466346153846154 0.08653846153846154 0.07932692307692307
1 0.6237980769230769 0.0733173076923077 0.0625 0.057692307692307696
1 0.6442307692307693 0.04447115384615385 0.040865384615384616 0.05048076923076923
1 0.5588942307692307 0.08774038461538461 0.036057692307692304 0.06009615384615385
1 0.4567307692307692 0.08052884615384616 0.038461538461538464 0.04567307692307692
1 0.41947115384615385 0.11778846153846154 0.06490384615384616 0.057692307692307696
1 0.42788461538461536 0.038461538461538464 0.021634615384615384 0.036057692307692304
1 0.4074519230769231 0.057692307692307696 0.03365384615384615 0.04326923076923077
2 0.8617788461538461 0.578125 0.07692307692307693 0.21634615384615385
2 0.45072115384615385 0.5324519230769231 0.12740384615384615 0.19951923076923078
2 0.41586538461538464 0.6682692307692307 0.038461538461538464 0.2091346153846154
2 0.21153846153846154 0.6069711538461539 0.0673076923076923 0.20432692307692307
2 0.3954326923076923 0.40865384615384615 0.04567307692307692 0.15625
2 0.37740384615384615 0.13942307692307693 0.03365384615384615 0.07211538461538461
2 0.3317307692307692 0.15625 0.04326923076923077 0.06971153846153846
3 0.5120192307692307 0.7223557692307693 0.17067307692307693 0.4206730769230769
3 0.5096153846153846 0.09975961538461539 0.04807692307692308 0.11057692307692307