1 0.6057692307692307 0.9375 0.18028846153846154 0.1201923076923077
1 0.6081730769230769 0.5420673076923077 0.15625 0.12980769230769232
1 0.8353365384615384 0.5372596153846154 0.11298076923076923 0.12740384615384615
1 0.30408653846153844 0.6105769230769231 0.18028846153846154 0.12980769230769232
1 0.13221153846153846 0.609375 0.12259615384615384 0.10817307692307693
1 0.515625 0.36658653846153844 0.038461538461538464 0.06009615384615385
1 0.4567307692307692 0.3894230769230769 0.04567307692307692 0.0673076923076923
1 0.3870192307692308 0.45072115384615385 0.08173076923076923 0.09134615384615384
1 0.5216346153846154 0.3317307692307692 0.036057692307692304 0.06009615384615385
1 0.4723557692307692 0.30649038461538464 0.02403846153846154 0.04326923076923077
1 0.32572115384615385 0.9026442307692307 0.15625 0.18990384615384615
2 0.6947115384615384 0.7956730769230769 0.0889423076923077 0.21394230769230768
2 0.8293269230769231 0.8149038461538461 0.08173076923076923 0.19230769230769232
2 0.36658653846153844 0.6286057692307693 0.09615384615384616 0.14182692307692307
2 0.7524038461538461 0.5564903846153846 0.09615384615384616 0.12740384615384615
2 0.6658653846153846 0.5757211538461539 0.09375 0.13221153846153846
2 0.3858173076923077 0.7091346153846154 0.0625 0.12980769230769232
2 0.47115384615384615 0.41466346153846156 0.03125 0.07211538461538461
3 0.21754807692307693 0.9338942307692307 0.21394230769230768 0.12740384615384615