1 0.31009615384615385 0.8040865384615384 0.1971153846153846 0.3293269230769231
1 0.7596153846153846 0.8846153846153846 0.25 0.19951923076923078
1 0.7283653846153846 0.7007211538461539 0.19230769230769232 0.24759615384615385
1 0.9266826923076923 0.8305288461538461 0.14182692307692307 0.2620192307692308
1 0.10096153846153846 0.17668269230769232 0.09615384615384616 0.08413461538461539
1 0.30528846153846156 0.14182692307692307 0.08173076923076923 0.07451923076923077
1 0.28725961538461536 0.109375 0.04567307692307692 0.05048076923076923
1 0.40625 0.17427884615384615 0.07451923076923077 0.0889423076923077
1 0.4891826923076923 0.13942307692307693 0.04807692307692308 0.04807692307692308
1 0.5060096153846154 0.1141826923076923 0.04326923076923077 0.052884615384615384
1 0.484375 0.08533653846153846 0.03125 0.04567307692307692
1 0.5384615384615384 0.09495192307692307 0.04567307692307692 0.0625
2 0.13822115384615385 0.9435096153846154 0.11778846153846154 0.10817307692307693
2 0.1658653846153846 0.7956730769230769 0.0889423076923077 0.27403846153846156
2 0.2644230769230769 0.6442307692307693 0.11778846153846154 0.21153846153846154
2 0.6201923076923077 0.7223557692307693 0.06971153846153846 0.23557692307692307
2 0.8257211538461539 0.6442307692307693 0.0889423076923077 0.22115384615384615
2 0.19471153846153846 0.16826923076923078 0.04326923076923077 0.0673076923076923
2 0.4807692307692308 0.16826923076923078 0.028846153846153848 0.06490384615384616
2 0.36538461538461536 0.1310096153846154 0.028846153846153848 0.06009615384615385
3 0.5252403846153846 0.7872596153846154 0.21394230769230768 0.4206730769230769
3 0.6502403846153846 0.18028846153846154 0.11057692307692307 0.13701923076923078