1 0.6706730769230769 0.8305288461538461 0.18028846153846154 0.32211538461538464
1 0.22716346153846154 0.9146634615384616 0.2403846153846154 0.14903846153846154
1 0.24759615384615385 0.7475961538461539 0.18028846153846154 0.2403846153846154
1 0.06129807692307692 0.8737980769230769 0.12259615384615384 0.21394230769230768
1 0.8461538461538461 0.19230769230769232 0.09134615384615384 0.07932692307692307
1 0.640625 0.16826923076923078 0.07692307692307693 0.06971153846153846
1 0.65625 0.13341346153846154 0.04326923076923077 0.04807692307692308
1 0.5408653846153846 0.20552884615384615 0.06971153846153846 0.08413461538461539
1 0.4567307692307692 0.17548076923076922 0.04567307692307692 0.04567307692307692
1 0.4375 0.1502403846153846 0.040865384615384616 0.05048076923076923
1 0.45913461538461536 0.12259615384615384 0.028846153846153848 0.04326923076923077
1 0.4050480769230769 0.13221153846153846 0.04326923076923077 0.06009615384615385
2 0.8521634615384616 0.953125 0.10817307692307693 0.0889423076923077
2 0.8137019230769231 0.8137019230769231 0.07451923076923077 0.27163461538461536
2 0.7067307692307693 0.6670673076923077 0.10576923076923077 0.20673076923076922
2 0.3557692307692308 0.7632211538461539 0.057692307692307696 0.23557692307692307
2 0.1466346153846154 0.6983173076923077 0.07692307692307693 0.21875
2 0.7536057692307693 0.18870192307692307 0.040865384615384616 0.06490384615384616
2 0.46634615384615385 0.203125 0.026442307692307692 0.06490384615384616
2 0.5793269230769231 0.15985576923076922 0.026442307692307692 0.057692307692307696
3 0.4567307692307692 0.8076923076923077 0.1875 0.38221153846153844
3 0.2980769230769231 0.2247596153846154 0.10336538461538461 0.13221153846153846