1 0.6983173076923077 0.8629807692307693 0.14182692307692307 0.22355769230769232
1 0.5649038461538461 0.8377403846153846 0.14182692307692307 0.2403846153846154
1 0.3317307692307692 0.7451923076923077 0.11298076923076923 0.17067307692307693
1 0.5036057692307693 0.9699519230769231 0.17067307692307693 0.055288461538461536
1 0.5757211538461539 0.47836538461538464 0.11298076923076923 0.0985576923076923
1 0.5661057692307693 0.43990384615384615 0.125 0.06971153846153846
1 0.3786057692307692 0.4423076923076923 0.11778846153846154 0.0889423076923077
1 0.33052884615384615 0.37740384615384615 0.07932692307692307 0.06971153846153846
1 0.5132211538461539 0.30649038461538464 0.038461538461538464 0.057692307692307696
1 0.46153846153846156 0.3245192307692308 0.038461538461538464 0.057692307692307696
1 0.5336538461538461 0.28365384615384615 0.03125 0.05048076923076923
1 0.5132211538461539 0.2644230769230769 0.02403846153846154 0.038461538461538464
1 0.5324519230769231 0.23798076923076922 0.021634615384615384 0.028846153846153848
1 0.49278846153846156 0.25600961538461536 0.021634615384615384 0.026442307692307692
2 0.6370192307692307 0.6454326923076923 0.0625 0.16105769230769232
2 0.7487980769230769 0.6598557692307693 0.052884615384615384 0.15144230769230768
2 0.49158653846153844 0.4675480769230769 0.05048076923076923 0.09375
2 0.4110576923076923 0.4735576923076923 0.06490384615384616 0.10096153846153846
2 0.390625 0.5456730769230769 0.052884615384615384 0.1346153846153846
2 0.27524038461538464 0.5841346153846154 0.06009615384615385 0.1466346153846154
2 0.44471153846153844 0.3473557692307692 0.03125 0.06009615384615385
3 0.8461538461538461 0.8713942307692307 0.16826923076923078 0.23557692307692307
3 0.25841346153846156 0.8365384615384616 0.15625 0.32211538461538464