1 0.8112980769230769 0.8040865384615384 0.17067307692307693 0.2860576923076923
1 0.38822115384615385 0.9290865384615384 0.2283653846153846 0.13701923076923078
1 0.390625 0.7680288461538461 0.17307692307692307 0.2403846153846154
1 0.18990384615384615 0.8990384615384616 0.19230769230769232 0.1971153846153846
1 0.9266826923076923 0.17908653846153846 0.08653846153846154 0.07451923076923077
1 0.7355769230769231 0.14903846153846154 0.04567307692307692 0.0673076923076923
1 0.6201923076923077 0.21634615384615385 0.06490384615384616 0.06971153846153846
1 0.5240384615384616 0.23557692307692307 0.09134615384615384 0.08173076923076923
1 0.3545673076923077 0.296875 0.06971153846153846 0.06971153846153846
1 0.35697115384615385 0.25961538461538464 0.07692307692307693 0.06971153846153846
1 0.5528846153846154 0.19230769230769232 0.038461538461538464 0.06490384615384616
1 0.6694711538461539 0.171875 0.04567307692307692 0.0625
1 0.49399038461538464 0.16466346153846154 0.03125 0.04567307692307692
2 0.9314903846153846 0.6550480769230769 0.08653846153846154 0.21875
2 0.5012019230769231 0.7740384615384616 0.04807692307692308 0.23557692307692307
2 0.28365384615384615 0.7247596153846154 0.0625 0.20673076923076922
2 0.3112980769230769 0.6382211538461539 0.057692307692307696 0.18990384615384615
2 0.42908653846153844 0.45072115384615385 0.04326923076923077 0.14423076923076922
2 0.5853365384615384 0.20192307692307693 0.021634615384615384 0.07451923076923077
3 0.6310096153846154 0.1622596153846154 0.038461538461538464 0.07451923076923077
3 0.6009615384615384 0.8161057692307693 0.17307692307692307 0.3605769230769231