1 0.7007211538461539 0.7367788461538461 0.15625 0.2548076923076923
1 0.3173076923076923 0.8725961538461539 0.2091346153846154 0.24278846153846154
1 0.140625 0.8245192307692307 0.17307692307692307 0.2764423076923077
1 0.33413461538461536 0.6766826923076923 0.15625 0.21153846153846154
1 0.8497596153846154 0.19831730769230768 0.07932692307692307 0.06490384615384616
1 0.5516826923076923 0.21394230769230768 0.0673076923076923 0.0625
1 0.6850961538461539 0.15625 0.04326923076923077 0.057692307692307696
1 0.6394230769230769 0.17908653846153846 0.06009615384615385 0.0625
1 0.38100961538461536 0.23798076923076922 0.10096153846153846 0.08173076923076923
1 0.4567307692307692 0.21394230769230768 0.06971153846153846 0.0673076923076923
1 0.4879807692307692 0.1622596153846154 0.03365384615384615 0.04326923076923077
1 0.5180288461538461 0.18269230769230768 0.036057692307692304 0.04807692307692308
2 0.8221153846153846 0.6153846153846154 0.07692307692307693 0.1971153846153846
2 0.43149038461538464 0.6887019230769231 0.04326923076923077 0.19951923076923078
2 0.40625 0.421875 0.038461538461538464 0.1346153846153846
2 0.24519230769230768 0.6298076923076923 0.0673076923076923 0.18990384615384615
2 0.015625 0.9026442307692307 0.03125 0.1466346153846154
2 0.5024038461538461 0.21634615384615385 0.026442307692307692 0.055288461538461536
3 0.5132211538461539 0.7680288461538461 0.15865384615384615 0.39663461538461536
3 0.5913461538461539 0.18269230769230768 0.040865384615384616 0.09375