1 0.09735576923076923 0.9074519230769231 0.18509615384615385 0.18028846153846154
1 0.296875 0.7139423076923077 0.1466346153846154 0.23076923076923078
1 0.32572115384615385 0.8846153846153846 0.17067307692307693 0.22596153846153846
1 0.59375 0.6262019230769231 0.15625 0.16105769230769232
1 0.6502403846153846 0.7848557692307693 0.17067307692307693 0.28125
1 0.6598557692307693 0.5600961538461539 0.12740384615384615 0.19230769230769232
1 0.4266826923076923 0.3942307692307692 0.09375 0.13701923076923078
1 0.5841346153846154 0.2824519230769231 0.07451923076923077 0.08173076923076923
1 0.6887019230769231 0.34975961538461536 0.07932692307692307 0.11298076923076923
2 0.7475961538461539 0.6875 0.055288461538461536 0.23798076923076922
2 0.9519230769230769 0.8978365384615384 0.09134615384615384 0.18990384615384615
2 0.5516826923076923 0.3137019230769231 0.03125 0.08413461538461539
2 0.38100961538461536 0.20432692307692307 0.019230769230769232 0.07211538461538461
2 0.33533653846153844 0.17668269230769232 0.016826923076923076 0.057692307692307696
0 0.7415865384615384 0.23076923076923078 0.18509615384615385 0.16346153846153846
0 0.8557692307692307 0.1346153846153846 0.052884615384615384 0.09134615384615384
3 0.5841346153846154 0.8882211538461539 0.24278846153846154 0.22115384615384615