1 0.4050480769230769 0.9435096153846154 0.18028846153846154 0.10817307692307693
1 0.5492788461538461 0.9110576923076923 0.18509615384615385 0.17307692307692307
1 0.3473557692307692 0.5576923076923077 0.1466346153846154 0.12740384615384615
1 0.36177884615384615 0.5072115384615384 0.12740384615384615 0.11538461538461539
1 0.7572115384615384 0.7127403846153846 0.14423076923076922 0.19471153846153846
1 0.5492788461538461 0.3269230769230769 0.040865384615384616 0.07211538461538461
1 0.5264423076923077 0.3088942307692308 0.036057692307692304 0.055288461538461536
1 0.5420673076923077 0.25 0.028846153846153848 0.04326923076923077
1 0.4879807692307692 0.26322115384615385 0.03125 0.052884615384615384
2 0.1141826923076923 0.9903846153846154 0.06009615384615385 0.014423076923076924
2 0.4387019230769231 0.7632211538461539 0.09375 0.18509615384615385
2 0.3125 0.8076923076923077 0.08413461538461539 0.18990384615384615
2 0.7055288461538461 0.5697115384615384 0.07451923076923077 0.125
2 0.4723557692307692 0.2932692307692308 0.019230769230769232 0.05048076923076923
2 0.5024038461538461 0.2848557692307692 0.014423076923076924 0.038461538461538464
0 0.7728365384615384 0.4567307692307692 0.38221153846153844 0.31490384615384615
3 0.2247596153846154 0.9543269230769231 0.19951923076923078 0.08653846153846154
3 0.8978365384615384 0.8413461538461539 0.19951923076923078 0.24519230769230768