1 0.7932692307692307 0.7980769230769231 0.23557692307692307 0.30528846153846156
1 0.6213942307692307 0.8569711538461539 0.22596153846153846 0.28125
1 0.359375 0.8413461538461539 0.20432692307692307 0.3125
1 0.14903846153846154 0.7512019230769231 0.18028846153846154 0.2403846153846154
1 0.13221153846153846 0.9266826923076923 0.22596153846153846 0.14182692307692307
1 0.30649038461538464 0.6514423076923077 0.15144230769230768 0.23798076923076922
1 0.5576923076923077 0.6598557692307693 0.14423076923076922 0.19471153846153846
1 0.6850961538461539 0.5997596153846154 0.1875 0.23557692307692307
1 0.2439903846153846 0.28365384615384615 0.19471153846153846 0.13942307692307693
1 0.09735576923076923 0.27163461538461536 0.11538461538461539 0.11057692307692307
1 0.2620192307692308 0.1971153846153846 0.1201923076923077 0.08653846153846154
1 0.28846153846153844 0.0733173076923077 0.038461538461538464 0.055288461538461536
2 0.8125 0.8798076923076923 0.0985576923076923 0.2091346153846154
2 0.4519230769230769 0.7007211538461539 0.0673076923076923 0.23557692307692307
2 0.41947115384615385 0.5961538461538461 0.06490384615384616 0.20432692307692307
2 0.20432692307692307 0.4723557692307692 0.04326923076923077 0.16826923076923078
2 0.1778846153846154 0.5252403846153846 0.06009615384615385 0.1875
2 0.3401442307692308 0.23557692307692307 0.055288461538461536 0.09615384615384616
2 0.44471153846153844 0.1346153846153846 0.18028846153846154 0.125
1 0.4098557692307692 0.18990384615384615 0.1201923076923077 0.07932692307692307