1 0.23557692307692307 0.5949519230769231 0.16105769230769232 0.21875
1 0.3641826923076923 0.6117788461538461 0.1346153846153846 0.3004807692307692
1 0.40865384615384615 0.49759615384615385 0.12259615384615384 0.18269230769230768
1 0.5649038461538461 0.45072115384615385 0.08653846153846154 0.12980769230769232
1 0.6081730769230769 0.6189903846153846 0.11057692307692307 0.21875
1 0.5456730769230769 0.9242788461538461 0.23557692307692307 0.1466346153846154
1 0.7283653846153846 0.8545673076923077 0.25961538461538464 0.2860576923076923
1 0.6887019230769231 0.46033653846153844 0.10336538461538461 0.1466346153846154
1 0.6021634615384616 0.21634615384615385 0.07692307692307693 0.07692307692307693
1 0.7415865384615384 0.3088942307692308 0.09134615384615384 0.0985576923076923
1 0.9555288461538461 0.2800480769230769 0.08413461538461539 0.07932692307692307
2 0.6971153846153846 0.5649038461538461 0.0673076923076923 0.20673076923076922
2 0.8389423076923077 0.7896634615384616 0.0985576923076923 0.24759615384615385
2 0.4495192307692308 0.13581730769230768 0.016826923076923076 0.052884615384615384
2 0.40865384615384615 0.12740384615384615 0.019230769230769232 0.05048076923076923
0 0.9651442307692307 0.1814903846153846 0.0673076923076923 0.08173076923076923
3 0.5120192307692307 0.6887019230769231 0.18509615384615385 0.36778846153846156