1 0.27163461538461536 0.8509615384615384 0.2283653846153846 0.2932692307692308
1 0.4567307692307692 0.8834134615384616 0.21634615384615385 0.2283653846153846
1 0.7307692307692307 0.8617788461538461 0.1971153846153846 0.27163461538461536
1 0.9302884615384616 0.9471153846153846 0.13701923076923078 0.10096153846153846
1 0.9302884615384616 0.7824519230769231 0.13701923076923078 0.25961538461538464
1 0.7764423076923077 0.6862980769230769 0.14182692307692307 0.24519230769230768
1 0.5084134615384616 0.7103365384615384 0.14182692307692307 0.21153846153846154
1 0.3737980769230769 0.6478365384615384 0.1875 0.23557692307692307
1 0.640625 0.19951923076923078 0.10576923076923077 0.06971153846153846
1 0.7608173076923077 0.1141826923076923 0.04807692307692308 0.0625
1 0.7271634615384616 0.30528846153846156 0.07451923076923077 0.11057692307692307
1 0.41225961538461536 0.2956730769230769 0.07451923076923077 0.1346153846153846
2 0.25 0.9242788461538461 0.09134615384615384 0.14903846153846154
2 0.671875 0.5324519230769231 0.0625 0.1875
2 0.7608173076923077 0.5012019230769231 0.06971153846153846 0.1466346153846154
2 0.9026442307692307 0.5432692307692307 0.052884615384615384 0.20192307692307693
2 0.8701923076923077 0.49399038461538464 0.038461538461538464 0.18269230769230768
0 0.5997596153846154 0.13942307692307693 0.19230769230769232 0.11538461538461539
0 0.8786057692307693 0.25961538461538464 0.2403846153846154 0.3004807692307692