1 0.25600961538461536 0.8269230769230769 0.23798076923076922 0.30288461538461536
1 0.4362980769230769 0.8569711538461539 0.23798076923076922 0.28125
1 0.6935096153846154 0.8173076923076923 0.21153846153846154 0.3269230769230769
1 0.90625 0.8834134615384616 0.18269230769230768 0.18028846153846154
1 0.8882211538461539 0.6935096153846154 0.18509615384615385 0.25
1 0.7163461538461539 0.6177884615384616 0.15625 0.23798076923076922
1 0.4675480769230769 0.6622596153846154 0.1466346153846154 0.20192307692307693
1 0.33653846153846156 0.6213942307692307 0.19471153846153846 0.2403846153846154
1 0.3713942307692308 0.30649038461538464 0.11298076923076923 0.11057692307692307
1 0.6538461538461539 0.05889423076923077 0.038461538461538464 0.040865384615384616
2 0.2439903846153846 0.9050480769230769 0.10817307692307693 0.18509615384615385
2 0.6682692307692307 0.4338942307692308 0.06490384615384616 0.1658653846153846
2 0.6935096153846154 0.4387019230769231 0.07692307692307693 0.13701923076923078
2 0.7920673076923077 0.4266826923076923 0.04807692307692308 0.1658653846153846
2 0.8245192307692307 0.47836538461538464 0.07451923076923077 0.19230769230769232
0 0.6634615384615384 0.21634615384615385 0.5144230769230769 0.3245192307692308