1 0.11298076923076923 0.20192307692307693 0.13942307692307693 0.0985576923076923
1 0.03245192307692308 0.125 0.052884615384615384 0.0673076923076923
1 0.11057692307692307 0.11658653846153846 0.04567307692307692 0.06490384615384616
1 0.14423076923076922 0.11057692307692307 0.040865384615384616 0.06009615384615385
1 0.5649038461538461 0.6875 0.14903846153846154 0.2692307692307692
1 0.47836538461538464 0.026442307692307692 0.016826923076923076 0.036057692307692304
1 0.6550480769230769 0.46153846153846156 0.11298076923076923 0.17067307692307693
1 0.765625 0.6117788461538461 0.13942307692307693 0.22355769230769232
1 0.5204326923076923 0.8774038461538461 0.17307692307692307 0.24278846153846154
1 0.8173076923076923 0.8497596153846154 0.22115384615384615 0.2956730769230769
2 0.22716346153846154 0.6213942307692307 0.06009615384615385 0.23317307692307693
2 0.5949519230769231 0.37259615384615385 0.0625 0.1466346153846154
2 0.8317307692307693 0.3737980769230769 0.038461538461538464 0.1201923076923077