1 0.2956730769230769 0.7692307692307693 0.16826923076923078 0.2860576923076923
1 0.6947115384615384 0.9122596153846154 0.22115384615384615 0.17067307692307693
1 0.8870192307692307 0.8822115384615384 0.1875 0.23076923076923078
1 0.6947115384615384 0.7355769230769231 0.1658653846153846 0.22115384615384615
1 0.484375 0.34975961538461536 0.16826923076923078 0.125
1 0.19831730769230768 0.16826923076923078 0.08173076923076923 0.07451923076923077
1 0.39903846153846156 0.1658653846153846 0.06490384615384616 0.0673076923076923
1 0.3762019230769231 0.13942307692307693 0.040865384615384616 0.055288461538461536
1 0.7103365384615384 0.24879807692307693 0.08413461538461539 0.0673076923076923
1 0.5661057692307693 0.23677884615384615 0.08413461538461539 0.07451923076923077
1 0.46033653846153844 0.18389423076923078 0.040865384615384616 0.06971153846153846
1 0.5901442307692307 0.2091346153846154 0.06009615384615385 0.055288461538461536
1 0.546875 0.19110576923076922 0.03365384615384615 0.04567307692307692
2 0.15745192307692307 0.6466346153846154 0.07451923076923077 0.21394230769230768
2 0.5877403846153846 0.75 0.04807692307692308 0.22115384615384615
2 0.5829326923076923 0.625 0.11538461538461539 0.19230769230769232
2 0.6201923076923077 0.4951923076923077 0.04326923076923077 0.15384615384615385
2 0.7920673076923077 0.7019230769230769 0.07451923076923077 0.21394230769230768
2 0.6213942307692307 0.234375 0.03365384615384615 0.07211538461538461
2 0.6598557692307693 0.24879807692307693 0.038461538461538464 0.07211538461538461
3 0.4963942307692308 0.7992788461538461 0.17548076923076922 0.39663461538461536
3 0.5024038461538461 0.19471153846153846 0.052884615384615384 0.10576923076923077