1 0.7271634615384616 0.8713942307692307 0.16346153846153846 0.2283653846153846
1 0.5865384615384616 0.8521634615384616 0.15625 0.2644230769230769
1 0.5288461538461539 0.9771634615384616 0.1778846153846154 0.040865384615384616
1 0.34375 0.7620192307692307 0.1346153846153846 0.19951923076923078
1 0.6610576923076923 0.4723557692307692 0.0985576923076923 0.0985576923076923
1 0.6550480769230769 0.44591346153846156 0.0985576923076923 0.08173076923076923
1 0.45913461538461536 0.45072115384615385 0.13221153846153846 0.10817307692307693
1 0.36177884615384615 0.3786057692307692 0.07932692307692307 0.07211538461538461
1 0.45913461538461536 0.32091346153846156 0.038461538461538464 0.06009615384615385
1 0.5108173076923077 0.30288461538461536 0.040865384615384616 0.055288461538461536
1 0.47836538461538464 0.2536057692307692 0.02403846153846154 0.036057692307692304
1 0.4855769230769231 0.22596153846153846 0.014423076923076924 0.028846153846153848
1 0.5228365384615384 0.27283653846153844 0.028846153846153848 0.040865384615384616
1 0.5048076923076923 0.25961538461538464 0.019230769230769232 0.03125
1 0.515625 0.23076923076923078 0.019230769230769232 0.026442307692307692
2 0.9747596153846154 0.8713942307692307 0.04567307692307692 0.17548076923076922
2 0.7752403846153846 0.6670673076923077 0.04807692307692308 0.15384615384615385
2 0.6550480769230769 0.6538461538461539 0.06490384615384616 0.17067307692307693
2 0.4050480769230769 0.5697115384615384 0.038461538461538464 0.125
2 0.578125 0.4639423076923077 0.07211538461538461 0.11057692307692307
2 0.4951923076923077 0.4831730769230769 0.07211538461538461 0.10576923076923077
2 0.38100961538461536 0.5336538461538461 0.04567307692307692 0.10336538461538461
2 0.27283653846153844 0.6141826923076923 0.04807692307692308 0.11057692307692307
2 0.45552884615384615 0.3473557692307692 0.02403846153846154 0.06971153846153846
3 0.8774038461538461 0.8605769230769231 0.17548076923076922 0.22596153846153846
3 0.265625 0.8509615384615384 0.18509615384615385 0.2932692307692308