1 0.7980769230769231 0.6670673076923077 0.1971153846153846 0.3076923076923077
1 0.39783653846153844 0.8762019230769231 0.2620192307692308 0.24278846153846154
1 0.3762019230769231 0.6742788461538461 0.18990384615384615 0.24759615384615385
1 0.19230769230769232 0.859375 0.22115384615384615 0.2764423076923077
1 0.8497596153846154 0.03245192307692308 0.0985576923076923 0.06490384615384616
1 0.7872596153846154 0.030048076923076924 0.08413461538461539 0.06009615384615385
1 0.6586538461538461 0.02283653846153846 0.04807692307692308 0.04567307692307692
1 0.6213942307692307 0.04326923076923077 0.07451923076923077 0.06490384615384616
1 0.5745192307692307 0.08653846153846154 0.06490384615384616 0.08173076923076923
1 0.44591346153846156 0.06009615384615385 0.040865384615384616 0.055288461538461536
1 0.49158653846153844 0.03485576923076923 0.03365384615384615 0.040865384615384616
1 0.28966346153846156 0.16346153846153846 0.08653846153846154 0.08413461538461539
1 0.28125 0.20432692307692307 0.0625 0.07451923076923077
2 0.9771634615384616 0.7680288461538461 0.040865384615384616 0.31009615384615385
2 0.9026442307692307 0.5865384615384616 0.0889423076923077 0.24278846153846154
2 0.7043269230769231 0.4855769230769231 0.1201923076923077 0.1875
2 0.484375 0.6754807692307693 0.06971153846153846 0.23798076923076922
2 0.2668269230769231 0.6358173076923077 0.09375 0.20673076923076922
3 0.39302884615384615 0.12860576923076922 0.10336538461538461 0.13701923076923078
3 0.5961538461538461 0.7331730769230769 0.22355769230769232 0.4567307692307692