1 0.6574519230769231 0.7920673076923077 0.17548076923076922 0.2932692307692308
1 0.23677884615384615 0.8870192307692307 0.23076923076923078 0.1971153846153846
1 0.07211538461538461 0.8401442307692307 0.14423076923076922 0.25721153846153844
1 0.2644230769230769 0.7055288461538461 0.17307692307692307 0.23076923076923078
1 0.8497596153846154 0.36177884615384615 0.07211538461538461 0.11538461538461539
1 0.46875 0.34615384615384615 0.16826923076923078 0.13221153846153846
1 0.8401442307692307 0.20432692307692307 0.08173076923076923 0.07211538461538461
1 0.296875 0.21394230769230768 0.08413461538461539 0.06971153846153846
1 0.45072115384615385 0.22716346153846154 0.0889423076923077 0.08173076923076923
1 0.6418269230769231 0.17668269230769232 0.06490384615384616 0.06009615384615385
1 0.6658653846153846 0.15144230769230768 0.04326923076923077 0.052884615384615384
1 0.5757211538461539 0.18389423076923078 0.038461538461538464 0.0625
1 0.47596153846153844 0.16466346153846154 0.040865384615384616 0.04567307692307692
1 0.43509615384615385 0.19591346153846154 0.0673076923076923 0.06009615384615385
1 0.453125 0.11899038461538461 0.02403846153846154 0.036057692307692304
1 0.43028846153846156 0.13581730769230768 0.036057692307692304 0.04567307692307692
2 0.8149038461538461 0.703125 0.0889423076923077 0.21634615384615385
2 0.41586538461538464 0.6081730769230769 0.1346153846153846 0.20432692307692307
2 0.36538461538461536 0.7367788461538461 0.04807692307692308 0.2091346153846154
2 0.17067307692307693 0.6538461538461539 0.07692307692307693 0.20673076923076922
2 0.3762019230769231 0.47836538461538464 0.052884615384615384 0.15625
2 0.390625 0.2127403846153846 0.036057692307692304 0.07451923076923077
2 0.34375 0.22355769230769232 0.04567307692307692 0.06971153846153846
3 0.45552884615384615 0.7932692307692307 0.19471153846153846 0.40865384615384615
3 0.5276442307692307 0.18870192307692307 0.052884615384615384 0.11057692307692307