1 0.7427884615384616 0.7019230769230769 0.1778846153846154 0.2283653846153846
1 0.6105769230769231 0.6947115384615384 0.14903846153846154 0.28125
1 0.6189903846153846 0.5300480769230769 0.12259615384615384 0.16346153846153846
1 0.46634615384615385 0.47115384615384615 0.10336538461538461 0.125
1 0.36538461538461536 0.4326923076923077 0.11538461538461539 0.14423076923076922
1 0.3737980769230769 0.6105769230769231 0.12980769230769232 0.22115384615384615
1 0.3473557692307692 0.9194711538461539 0.21394230769230768 0.1466346153846154
1 0.17427884615384615 0.8125 0.2860576923076923 0.3076923076923077
1 0.4831730769230769 0.20793269230769232 0.06971153846153846 0.0673076923076923
1 0.39783653846153844 0.28125 0.08653846153846154 0.09375
1 0.22115384615384615 0.19110576923076922 0.07692307692307693 0.07211538461538461
2 0.31009615384615385 0.5372596153846154 0.06490384615384616 0.19471153846153846
2 0.0889423076923077 0.7091346153846154 0.10817307692307693 0.23798076923076922
2 0.6670673076923077 0.18990384615384615 0.016826923076923076 0.04807692307692308
2 0.7055288461538461 0.19831730769230768 0.016826923076923076 0.055288461538461536
2 0.18028846153846154 0.18870192307692307 0.03365384615384615 0.07211538461538461
0 0.09975961538461539 0.140625 0.10576923076923077 0.14182692307692307
0 0.19831730769230768 0.09375 0.0625 0.07211538461538461
3 0.453125 0.6983173076923077 0.20432692307692307 0.37740384615384615