1 0.7487980769230769 0.6766826923076923 0.1778846153846154 0.2620192307692308
1 0.40625 0.8834134615384616 0.2403846153846154 0.2283653846153846
1 0.38100961538461536 0.6995192307692307 0.17307692307692307 0.21153846153846154
1 0.22596153846153846 0.8737980769230769 0.20192307692307693 0.24759615384615385
1 0.7728365384615384 0.12259615384615384 0.08413461538461539 0.07211538461538461
1 0.6153846153846154 0.140625 0.07211538461538461 0.0673076923076923
1 0.6021634615384616 0.1141826923076923 0.04567307692307692 0.052884615384615384
1 0.5264423076923077 0.17908653846153846 0.04807692307692308 0.052884615384615384
1 0.5120192307692307 0.19951923076923078 0.06971153846153846 0.07692307692307693
1 0.43509615384615385 0.20192307692307693 0.052884615384615384 0.06490384615384616
1 0.4387019230769231 0.14302884615384615 0.04326923076923077 0.040865384615384616
1 0.4807692307692308 0.14423076923076922 0.028846153846153848 0.036057692307692304
1 0.43149038461538464 0.1622596153846154 0.038461538461538464 0.038461538461538464
1 0.39903846153846156 0.1622596153846154 0.040865384615384616 0.04567307692307692
1 0.32091346153846156 0.24879807692307693 0.06490384615384616 0.0625
2 0.8822115384615384 0.6754807692307693 0.09375 0.23317307692307693
2 0.7956730769230769 0.5685096153846154 0.09375 0.19951923076923078
2 0.47475961538461536 0.6911057692307693 0.06490384615384616 0.1971153846153846
2 0.2848557692307692 0.671875 0.08173076923076923 0.17548076923076922
2 0.10817307692307693 0.9603365384615384 0.07692307692307693 0.07451923076923077
2 0.6646634615384616 0.14783653846153846 0.040865384615384616 0.06009615384615385
2 0.5625 0.14903846153846154 0.03125 0.052884615384615384
2 0.44711538461538464 0.21033653846153846 0.03365384615384615 0.0625
3 0.5793269230769231 0.7415865384615384 0.22355769230769232 0.39903846153846156
3 0.2920673076923077 0.2668269230769231 0.08173076923076923 0.0985576923076923