1 0.39903846153846156 0.546875 0.16346153846153846 0.2091346153846154
1 0.4411057692307692 0.1814903846153846 0.10336538461538461 0.09134615384615384
1 0.4026442307692308 0.1466346153846154 0.13221153846153846 0.0889423076923077
1 0.29927884615384615 0.18269230769230768 0.125 0.08653846153846154
1 0.21754807692307693 0.12980769230769232 0.11778846153846154 0.11778846153846154
1 0.1201923076923077 0.17307692307692307 0.11057692307692307 0.09615384615384616
1 0.0829326923076923 0.2127403846153846 0.15384615384615385 0.10576923076923077
1 0.030048076923076924 0.1502403846153846 0.06009615384615385 0.10336538461538461
1 0.24759615384615385 0.021634615384615384 0.036057692307692304 0.021634615384615384
1 0.21033653846153846 0.026442307692307692 0.03365384615384615 0.026442307692307692
1 0.18028846153846154 0.03245192307692308 0.052884615384615384 0.036057692307692304