1 0.7139423076923077 0.7800480769230769 0.1778846153846154 0.34615384615384615
1 0.5384615384615384 0.7824519230769231 0.1778846153846154 0.3076923076923077
1 0.3894230769230769 0.5612980769230769 0.14182692307692307 0.18269230769230768
1 0.5276442307692307 0.12259615384615384 0.04326923076923077 0.052884615384615384
1 0.47716346153846156 0.14182692307692307 0.052884615384615384 0.055288461538461536
1 0.3954326923076923 0.17668269230769232 0.055288461538461536 0.0673076923076923
2 0.6802884615384616 0.47716346153846156 0.0625 0.14423076923076922
2 0.6009615384615384 0.4831730769230769 0.06009615384615385 0.16826923076923078
2 0.5456730769230769 0.48197115384615385 0.06490384615384616 0.1658653846153846
2 0.4951923076923077 0.49158653846153844 0.0673076923076923 0.1658653846153846
3 0.5661057692307693 0.11899038461538461 0.05048076923076923 0.08173076923076923
3 0.2091346153846154 0.24759615384615385 0.18509615384615385 0.18509615384615385
3 0.014423076923076924 0.171875 0.028846153846153848 0.11778846153846154