1 0.33052884615384615 0.8858173076923077 0.13942307692307693 0.22596153846153846
1 0.4579326923076923 0.8461538461538461 0.14182692307692307 0.24278846153846154
1 0.5324519230769231 0.9771634615384616 0.1778846153846154 0.04326923076923077
1 0.65625 0.6454326923076923 0.11298076923076923 0.15144230769230768
1 0.2608173076923077 0.47716346153846156 0.12740384615384615 0.09375
1 0.5817307692307693 0.3389423076923077 0.07932692307692307 0.07692307692307693
1 0.5216346153846154 0.3173076923076923 0.036057692307692304 0.057692307692307696
1 0.5084134615384616 0.2848557692307692 0.021634615384615384 0.04807692307692308
1 0.5120192307692307 0.25 0.019230769230769232 0.036057692307692304
1 0.4639423076923077 0.2536057692307692 0.019230769230769232 0.04326923076923077
1 0.46634615384615385 0.19230769230769232 0.014423076923076924 0.026442307692307692
2 0.078125 0.9134615384615384 0.05048076923076923 0.16826923076923078
2 0.2644230769230769 0.6862980769230769 0.05048076923076923 0.15865384615384615
2 0.37259615384615385 0.6550480769230769 0.06009615384615385 0.16105769230769232
2 0.6177884615384616 0.5408653846153846 0.03365384615384615 0.11057692307692307
2 0.7415865384615384 0.6237980769230769 0.03125 0.1201923076923077
2 0.43990384615384615 0.28725961538461536 0.016826923076923076 0.05048076923076923
2 0.47836538461538464 0.27403846153846156 0.01201923076923077 0.040865384615384616
3 0.1778846153846154 0.8894230769230769 0.16346153846153846 0.21634615384615385
3 0.7788461538461539 0.8341346153846154 0.15384615384615385 0.32211538461538464