1 0.8353365384615384 0.7944711538461539 0.2644230769230769 0.3389423076923077
1 0.6334134615384616 0.8341346153846154 0.2668269230769231 0.3269230769230769
1 0.35336538461538464 0.7824519230769231 0.2283653846153846 0.3629807692307692
1 0.11298076923076923 0.8641826923076923 0.22596153846153846 0.22355769230769232
1 0.14182692307692307 0.6466346153846154 0.2091346153846154 0.27403846153846156
1 0.33052884615384615 0.5637019230769231 0.17067307692307693 0.2668269230769231
1 0.5973557692307693 0.6153846153846154 0.16105769230769232 0.22355769230769232
1 0.7427884615384616 0.5697115384615384 0.21634615384615385 0.2644230769230769
1 0.4110576923076923 0.15745192307692307 0.20673076923076922 0.15865384615384615
1 0.31971153846153844 0.08774038461538461 0.07211538461538461 0.11538461538461539
1 0.3629807692307692 0.026442307692307692 0.08173076923076923 0.052884615384615384
2 0.8449519230769231 0.8858173076923077 0.11778846153846154 0.22355769230769232
2 0.4951923076923077 0.5048076923076923 0.07932692307692307 0.2283653846153846
2 0.4110576923076923 0.4411057692307692 0.09375 0.21634615384615385
2 0.2403846153846154 0.359375 0.06490384615384616 0.1875
2 0.21153846153846154 0.4050480769230769 0.09134615384615384 0.20673076923076922
2 0.38341346153846156 0.04567307692307692 0.05048076923076923 0.07932692307692307
2 0.5 0.13341346153846154 0.057692307692307696 0.08173076923076923
0 0.5552884615384616 0.06850961538461539 0.22115384615384615 0.13701923076923078