1 0.3173076923076923 0.8677884615384616 0.15865384615384615 0.23798076923076922
1 0.4495192307692308 0.8233173076923077 0.15865384615384615 0.25
1 0.5276442307692307 0.9627403846153846 0.18990384615384615 0.06971153846153846
1 0.6454326923076923 0.6033653846153846 0.12740384615384615 0.16826923076923078
1 0.5637019230769231 0.4254807692307692 0.13942307692307693 0.11538461538461539
1 0.6310096153846154 0.38461538461538464 0.10336538461538461 0.10817307692307693
1 0.4987980769230769 0.27163461538461536 0.055288461538461536 0.07692307692307693
1 0.47596153846153844 0.24759615384615385 0.036057692307692304 0.036057692307692304
1 0.4338942307692308 0.19591346153846154 0.019230769230769232 0.028846153846153848
1 0.47836538461538464 0.18509615384615385 0.019230769230769232 0.03365384615384615
3 0.15144230769230768 0.8822115384615384 0.1778846153846154 0.23076923076923078
3 0.7788461538461539 0.8076923076923077 0.17067307692307693 0.3557692307692308