1 0.2692307692307692 0.7836538461538461 0.1971153846153846 0.3004807692307692
1 0.6971153846153846 0.8641826923076923 0.24519230769230768 0.24759615384615385
1 0.8918269230769231 0.8016826923076923 0.20673076923076922 0.3004807692307692
1 0.6598557692307693 0.671875 0.19230769230769232 0.24519230769230768
1 0.046875 0.20673076923076922 0.09375 0.08653846153846154
1 0.21634615384615385 0.14182692307692307 0.052884615384615384 0.06971153846153846
1 0.31490384615384615 0.17427884615384615 0.06009615384615385 0.06490384615384616
1 0.3701923076923077 0.18269230769230768 0.08653846153846154 0.08173076923076923
1 0.43990384615384615 0.2091346153846154 0.10817307692307693 0.09375
1 0.5324519230769231 0.17548076923076922 0.0889423076923077 0.07932692307692307
1 0.41466346153846156 0.16466346153846154 0.055288461538461536 0.04807692307692308
1 0.625 0.3004807692307692 0.07692307692307693 0.13701923076923078
2 0.1201923076923077 0.65625 0.10096153846153846 0.21634615384615385
2 0.5600961538461539 0.7043269230769231 0.07692307692307693 0.23557692307692307
2 0.7043269230769231 0.5228365384615384 0.08173076923076923 0.18990384615384615
2 0.7584134615384616 0.609375 0.0889423076923077 0.20673076923076922
2 0.5576923076923077 0.19471153846153846 0.05048076923076923 0.07211538461538461
3 0.47475961538461536 0.78125 0.21875 0.4326923076923077
3 0.33653846153846156 0.12980769230769232 0.05048076923076923 0.07211538461538461