1 0.7463942307692307 0.9459134615384616 0.17548076923076922 0.10336538461538461
1 0.5925480769230769 0.9146634615384616 0.18028846153846154 0.1658653846153846
1 0.3858173076923077 0.7223557692307693 0.14423076923076922 0.19951923076923078
1 0.5865384615384616 0.3317307692307692 0.040865384615384616 0.055288461538461536
1 0.6105769230769231 0.31490384615384615 0.026442307692307692 0.038461538461538464
1 0.6454326923076923 0.27163461538461536 0.021634615384615384 0.038461538461538464
1 0.5949519230769231 0.25721153846153844 0.02403846153846154 0.040865384615384616
1 0.3125 0.4579326923076923 0.1346153846153846 0.12259615384615384
1 0.2512019230769231 0.4951923076923077 0.15865384615384615 0.1201923076923077
2 0.8269230769230769 0.8088942307692307 0.08173076923076923 0.1778846153846154
2 0.6983173076923077 0.7716346153846154 0.09134615384615384 0.19230769230769232
2 0.43509615384615385 0.5805288461538461 0.06971153846153846 0.11538461538461539
2 0.6514423076923077 0.2920673076923077 0.016826923076923076 0.03365384615384615
2 0.6310096153846154 0.2956730769230769 0.01201923076923077 0.03125
0 0.5420673076923077 0.49278846153846156 0.37740384615384615 0.30528846153846156
3 0.8870192307692307 0.9579326923076923 0.13942307692307693 0.07932692307692307
3 0.2403846153846154 0.8605769230769231 0.20192307692307693 0.24278846153846154