1 0.24278846153846154 0.8762019230769231 0.15865384615384615 0.22355769230769232
1 0.38461538461538464 0.8569711538461539 0.1658653846153846 0.2692307692307692
1 0.4639423076923077 0.984375 0.1875 0.026442307692307692
1 0.6153846153846154 0.6742788461538461 0.12980769230769232 0.1875
1 0.1778846153846154 0.421875 0.10336538461538461 0.10336538461538461
1 0.38822115384615385 0.4483173076923077 0.1466346153846154 0.11778846153846154
1 0.6334134615384616 0.34134615384615385 0.10817307692307693 0.08413461538461539
1 0.5192307692307693 0.3112980769230769 0.05048076923076923 0.0625
1 0.48677884615384615 0.27163461538461536 0.040865384615384616 0.06009615384615385
1 0.49158653846153844 0.22596153846153846 0.026442307692307692 0.04567307692307692
1 0.4831730769230769 0.17908653846153846 0.016826923076923076 0.03365384615384615
1 0.4387019230769231 0.22596153846153846 0.026442307692307692 0.04567307692307692
1 0.44711538461538464 0.15264423076923078 0.016826923076923076 0.016826923076923076
2 0.18870192307692307 0.6682692307692307 0.06971153846153846 0.16826923076923078
2 0.3137019230769231 0.6490384615384616 0.08173076923076923 0.17307692307692307
2 0.5793269230769231 0.5540865384615384 0.04807692307692308 0.13701923076923078
2 0.5925480769230769 0.5120192307692307 0.057692307692307696 0.1201923076923077
2 0.7139423076923077 0.6310096153846154 0.04326923076923077 0.125
2 0.4182692307692308 0.26802884615384615 0.014423076923076924 0.057692307692307696
2 0.4519230769230769 0.25721153846153844 0.01201923076923077 0.04567307692307692
2 0.4182692307692308 0.2127403846153846 0.016826923076923076 0.040865384615384616
3 0.08413461538461539 0.8701923076923077 0.16826923076923078 0.22596153846153846
3 0.7319711538461539 0.8449519230769231 0.18509615384615385 0.30528846153846156