1 0.19591346153846154 0.7932692307692307 0.21153846153846154 0.3173076923076923
1 0.21634615384615385 0.9086538461538461 0.21394230769230768 0.13942307692307693
1 0.6262019230769231 0.8701923076923077 0.23317307692307693 0.2548076923076923
1 0.578125 0.7307692307692307 0.21634615384615385 0.23557692307692307
1 0.6574519230769231 0.6514423076923077 0.17307692307692307 0.25
1 0.40384615384615385 0.4182692307692308 0.12740384615384615 0.1658653846153846
1 0.7091346153846154 0.41346153846153844 0.11778846153846154 0.15144230769230768
1 0.5949519230769231 0.3016826923076923 0.0985576923076923 0.10336538461538461
2 0.5528846153846154 0.3389423076923077 0.04567307692307692 0.10817307692307693
2 0.3894230769230769 0.18389423076923078 0.03365384615384615 0.08173076923076923
2 0.3401442307692308 0.13942307692307693 0.026442307692307692 0.0673076923076923
0 0.7932692307692307 0.27163461538461536 0.23798076923076922 0.21875
0 0.9615384615384616 0.17908653846153846 0.07211538461538461 0.10336538461538461
3 0.5360576923076923 0.9495192307692307 0.28846153846153844 0.09615384615384616