1 0.7271634615384616 0.8317307692307693 0.23317307692307693 0.2980769230769231
1 0.5492788461538461 0.859375 0.23317307692307693 0.2764423076923077
1 0.2980769230769231 0.8221153846153846 0.20432692307692307 0.31490384615384615
1 0.0889423076923077 0.8846153846153846 0.1778846153846154 0.1778846153846154
1 0.1045673076923077 0.703125 0.18509615384615385 0.24278846153846154
1 0.5192307692307693 0.6682692307692307 0.14423076923076922 0.19951923076923078
1 0.6466346153846154 0.6334134615384616 0.19230769230769232 0.24278846153846154
1 0.27403846153846156 0.6274038461538461 0.15144230769230768 0.23076923076923078
1 0.4699519230769231 0.28966346153846156 0.18509615384615385 0.12980769230769232
1 0.37259615384615385 0.26322115384615385 0.11298076923076923 0.11057692307692307
1 0.27163461538461536 0.18509615384615385 0.11538461538461539 0.10096153846153846
1 0.13701923076923078 0.13822115384615385 0.10336538461538461 0.07692307692307693
1 0.33653846153846156 0.05889423076923077 0.03365384615384615 0.055288461538461536
2 0.7355769230769231 0.9086538461538461 0.10096153846153846 0.1778846153846154
2 0.4074519230769231 0.6682692307692307 0.08653846153846154 0.2283653846153846
2 0.3894230769230769 0.5721153846153846 0.07211538461538461 0.20673076923076922
2 0.16947115384615385 0.49038461538461536 0.0673076923076923 0.1875
2 0.1971153846153846 0.4375 0.057692307692307696 0.15625
2 0.3473557692307692 0.16826923076923078 0.057692307692307696 0.08413461538461539
0 0.47836538461538464 0.15384615384615385 0.18990384615384615 0.15865384615384615