1 0.8497596153846154 0.8377403846153846 0.27163461538461536 0.31971153846153844
1 0.6442307692307693 0.8605769230769231 0.25961538461538464 0.27403846153846156
1 0.34375 0.8269230769230769 0.23557692307692307 0.33413461538461536
1 0.10216346153846154 0.9026442307692307 0.20432692307692307 0.15625
1 0.11899038461538461 0.7067307692307693 0.21153846153846154 0.28365384615384615
1 0.3125 0.6213942307692307 0.1778846153846154 0.28125
1 0.5973557692307693 0.6622596153846154 0.1658653846153846 0.23076923076923078
1 0.7487980769230769 0.6105769230769231 0.21875 0.2668269230769231
1 0.4795673076923077 0.20552884615384615 0.22115384615384615 0.16105769230769232
1 0.5012019230769231 0.10336538461538461 0.13701923076923078 0.08413461538461539
1 0.3401442307692308 0.18269230769230768 0.12259615384615384 0.125
1 0.29927884615384615 0.09615384615384616 0.12980769230769232 0.10336538461538461
2 0.8605769230769231 0.9134615384615384 0.11057692307692307 0.16826923076923078
2 0.4675480769230769 0.671875 0.09134615384615384 0.28125
2 0.4495192307692308 0.5576923076923077 0.07692307692307693 0.24519230769230768
2 0.18870192307692307 0.4567307692307692 0.07692307692307693 0.22596153846153846
2 0.22115384615384615 0.4014423076923077 0.06490384615384616 0.1875
0 0.5420673076923077 0.06490384615384616 0.21875 0.12980769230769232