1 0.8209134615384616 0.6995192307692307 0.15384615384615385 0.22115384615384615
1 0.6526442307692307 0.5576923076923077 0.10336538461538461 0.1778846153846154
1 0.49038461538461536 0.5036057692307693 0.09134615384615384 0.1201923076923077
1 0.6814903846153846 0.7115384615384616 0.10576923076923077 0.28846153846153844
1 0.41947115384615385 0.6790865384615384 0.0985576923076923 0.23317307692307693
1 0.4519230769230769 0.9711538461538461 0.20673076923076922 0.052884615384615384
1 0.25240384615384615 0.8834134615384616 0.25 0.2283653846153846
1 0.3762019230769231 0.49278846153846156 0.09615384615384616 0.14423076923076922
1 0.3629807692307692 0.3269230769230769 0.08173076923076923 0.10096153846153846
1 0.4651442307692308 0.23798076923076922 0.0625 0.0673076923076923
1 0.15264423076923078 0.2692307692307692 0.08173076923076923 0.0673076923076923
2 0.14302884615384615 0.8329326923076923 0.07932692307692307 0.25961538461538464
2 0.33774038461538464 0.6069711538461539 0.04807692307692308 0.1875
2 0.6490384615384616 0.1814903846153846 0.016826923076923076 0.05048076923076923
2 0.6911057692307693 0.18028846153846154 0.014423076923076924 0.052884615384615384
2 0.10697115384615384 0.2644230769230769 0.03365384615384615 0.07211538461538461
0 0.12860576923076922 0.16346153846153846 0.057692307692307696 0.07692307692307693
3 0.5180288461538461 0.7548076923076923 0.14903846153846154 0.3798076923076923