1 0.3233173076923077 0.8040865384615384 0.19230769230769232 0.3605769230769231
1 0.5132211538461539 0.8137019230769231 0.19471153846153846 0.31971153846153844
1 0.6742788461538461 0.5853365384615384 0.1466346153846154 0.18990384615384615
1 0.6057692307692307 0.15865384615384615 0.06490384615384616 0.06490384615384616
1 0.46153846153846156 0.07451923076923077 0.03365384615384615 0.055288461538461536
1 0.6862980769230769 0.18389423076923078 0.06490384615384616 0.07211538461538461
2 0.3629807692307692 0.48677884615384615 0.0673076923076923 0.18028846153846154
2 0.42908653846153844 0.5396634615384616 0.08413461538461539 0.19230769230769232
2 0.5084134615384616 0.5072115384615384 0.06971153846153846 0.17307692307692307
2 0.5637019230769231 0.5120192307692307 0.07451923076923077 0.17548076923076922
2 0.8052884615384616 0.3942307692307692 0.0889423076923077 0.13942307692307693
3 0.5516826923076923 0.1466346153846154 0.07211538461538461 0.10336538461538461