1 0.21754807692307693 0.5192307692307693 0.1346153846153846 0.18990384615384615
1 0.328125 0.5408653846153846 0.11298076923076923 0.25240384615384615
1 0.3737980769230769 0.46634615384615385 0.10336538461538461 0.17307692307692307
1 0.47716346153846156 0.8762019230769231 0.21394230769230768 0.24278846153846154
1 0.5420673076923077 0.546875 0.0985576923076923 0.18990384615384615
1 0.6358173076923077 0.7524038461538461 0.20192307692307693 0.28125
1 0.5384615384615384 0.39663461538461536 0.0889423076923077 0.11538461538461539
1 0.6730769230769231 0.4110576923076923 0.10576923076923077 0.14182692307692307
1 0.4795673076923077 0.22235576923076922 0.06490384615384616 0.07932692307692307
1 0.7680288461538461 0.2956730769230769 0.07932692307692307 0.08413461538461539
1 0.9783653846153846 0.26322115384615385 0.038461538461538464 0.07932692307692307
1 0.9903846153846154 0.20192307692307693 0.014423076923076924 0.052884615384615384
2 0.046875 0.7680288461538461 0.08173076923076923 0.28846153846153844
2 0.36778846153846156 0.11778846153846154 0.016826923076923076 0.04567307692307692
2 0.33052884615384615 0.12259615384615384 0.019230769230769232 0.052884615384615384
2 0.7223557692307693 0.6634615384615384 0.06490384615384616 0.19471153846153846
0 0.8990384615384616 0.16706730769230768 0.0673076923076923 0.09134615384615384
3 0.4543269230769231 0.6069711538461539 0.14903846153846154 0.3317307692307692