1 0.1971153846153846 0.9411057692307693 0.17307692307692307 0.10576923076923077
1 0.35697115384615385 0.921875 0.17067307692307693 0.15144230769230768
1 0.6009615384615384 0.7536057692307693 0.13701923076923078 0.20432692307692307
1 0.5793269230769231 0.5300480769230769 0.16105769230769232 0.11778846153846154
1 0.6634615384615384 0.49759615384615385 0.125 0.1201923076923077
1 0.4651442307692308 0.34975961538461536 0.0625 0.08413461538461539
1 0.4338942307692308 0.3317307692307692 0.038461538461538464 0.0625
1 0.3894230769230769 0.25600961538461536 0.028846153846153848 0.05048076923076923
1 0.44711538461538464 0.2536057692307692 0.021634615384615384 0.04326923076923077
1 0.4387019230769231 0.29447115384615385 0.038461538461538464 0.04807692307692308
2 0.2620192307692308 0.7632211538461539 0.07692307692307693 0.20192307692307693
2 0.5697115384615384 0.6057692307692307 0.06490384615384616 0.10096153846153846
2 0.3629807692307692 0.28846153846153844 0.014423076923076924 0.0625
2 0.40024038461538464 0.28365384615384615 0.009615384615384616 0.040865384615384616
2 0.12259615384615384 0.7896634615384616 0.07692307692307693 0.19230769230769232
3 0.7403846153846154 0.8954326923076923 0.1971153846153846 0.20432692307692307