1 0.24158653846153846 0.8713942307692307 0.2956730769230769 0.25240384615384615
1 0.4543269230769231 0.8870192307692307 0.28365384615384615 0.22115384615384615
1 0.75 0.8317307692307693 0.2548076923076923 0.2932692307692308
1 0.9278846153846154 0.7319711538461539 0.13942307692307693 0.30528846153846156
1 0.7704326923076923 0.6478365384615384 0.1971153846153846 0.2932692307692308
1 0.3269230769230769 0.6838942307692307 0.24759615384615385 0.2980769230769231
1 0.4831730769230769 0.7163461538461539 0.18509615384615385 0.23798076923076922
1 0.7079326923076923 0.20552884615384615 0.22596153846153846 0.18028846153846154
1 0.703125 0.05889423076923077 0.10096153846153846 0.09375
2 0.234375 0.953125 0.13221153846153846 0.0889423076923077
2 0.5913461538461539 0.6105769230769231 0.10336538461538461 0.24519230769230768
2 0.6658653846153846 0.53125 0.11057692307692307 0.23076923076923078
2 0.8834134615384616 0.4735576923076923 0.0985576923076923 0.23076923076923078
2 0.8473557692307693 0.4170673076923077 0.07932692307692307 0.20192307692307693
2 0.5721153846153846 0.19951923076923078 0.08653846153846154 0.11778846153846154
2 0.6706730769230769 0.10216346153846154 0.0673076923076923 0.10096153846153846
0 0.49158653846153844 0.10096153846153846 0.24278846153846154 0.20192307692307693