1 0.22235576923076922 0.578125 0.17548076923076922 0.24759615384615385
1 0.41346153846153844 0.49278846153846156 0.14423076923076922 0.19230769230769232
1 0.3545673076923077 0.609375 0.15144230769230768 0.2764423076923077
1 0.5348557692307693 0.9278846153846154 0.25240384615384615 0.13942307692307693
1 0.7259615384615384 0.8533653846153846 0.27884615384615385 0.28846153846153844
1 0.6117788461538461 0.6262019230769231 0.1346153846153846 0.24759615384615385
1 0.5865384615384616 0.44591346153846156 0.09615384615384616 0.12740384615384615
1 0.7259615384615384 0.46634615384615385 0.13221153846153846 0.16826923076923078
1 0.6057692307692307 0.20793269230769232 0.08413461538461539 0.08173076923076923
1 0.8064903846153846 0.3161057692307692 0.09615384615384616 0.11298076923076923
2 0.02283653846153846 0.8317307692307693 0.04567307692307692 0.19230769230769232
2 0.703125 0.5757211538461539 0.07211538461538461 0.21394230769230768
2 0.8365384615384616 0.7872596153846154 0.11298076923076923 0.24759615384615385
2 0.4567307692307692 0.09975961538461539 0.019230769230769232 0.057692307692307696
2 0.4110576923076923 0.10096153846153846 0.019230769230769232 0.052884615384615384
0 0.5108173076923077 0.6850961538461539 0.20192307692307693 0.38221153846153844