1 0.65625 0.7776442307692307 0.18990384615384615 0.3269230769230769
1 0.1935096153846154 0.7307692307692307 0.18990384615384615 0.2548076923076923
1 0.18509615384615385 0.9170673076923077 0.2548076923076923 0.16105769230769232
1 0.7836538461538461 0.07692307692307693 0.09615384615384616 0.07932692307692307
1 0.6778846153846154 0.06490384615384616 0.08653846153846154 0.07211538461538461
1 0.5709134615384616 0.04326923076923077 0.052884615384615384 0.07451923076923077
1 0.515625 0.0733173076923077 0.06009615384615385 0.06490384615384616
1 0.4795673076923077 0.10576923076923077 0.052884615384615384 0.0889423076923077
1 0.21875 0.31490384615384615 0.20192307692307693 0.14182692307692307
1 0.16826923076923078 0.1971153846153846 0.11538461538461539 0.09134615384615384
1 0.1814903846153846 0.15264423076923078 0.10817307692307693 0.08173076923076923
1 0.37259615384615385 0.09615384615384616 0.04807692307692308 0.07692307692307693
1 0.33052884615384615 0.06490384615384616 0.036057692307692304 0.05048076923076923
1 0.3798076923076923 0.04447115384615385 0.03365384615384615 0.052884615384615384
2 0.8870192307692307 0.8341346153846154 0.09375 0.30528846153846156
2 0.7451923076923077 0.6610576923076923 0.07692307692307693 0.2403846153846154
2 0.49399038461538464 0.5552884615384616 0.11778846153846154 0.21394230769230768
2 0.31009615384615385 0.7391826923076923 0.0625 0.2548076923076923
2 0.07572115384615384 0.6754807692307693 0.07451923076923077 0.2091346153846154
3 0.421875 0.7836538461538461 0.19951923076923078 0.42788461538461536
3 0.3076923076923077 0.1310096153846154 0.09375 0.12740384615384615