1 0.34615384615384615 0.8197115384615384 0.16826923076923078 0.34615384615384615
1 0.5384615384615384 0.8737980769230769 0.18269230769230768 0.24759615384615385
1 0.6081730769230769 0.5432692307692307 0.13221153846153846 0.18028846153846154
1 0.3449519230769231 0.17067307692307693 0.04807692307692308 0.06009615384615385
1 0.9338942307692307 0.24278846153846154 0.0985576923076923 0.09615384615384616
1 0.47596153846153844 0.17908653846153846 0.057692307692307696 0.06009615384615385
1 0.5793269230769231 0.21514423076923078 0.07692307692307693 0.057692307692307696
1 0.8473557692307693 0.12980769230769232 0.04326923076923077 0.057692307692307696
2 0.21514423076923078 0.9026442307692307 0.0985576923076923 0.18990384615384615
2 0.21153846153846154 0.6875 0.0625 0.1971153846153846
2 0.2692307692307692 0.35336538461538464 0.0673076923076923 0.0985576923076923
2 0.49278846153846156 0.5084134615384616 0.055288461538461536 0.16346153846153846
2 0.6021634615384616 0.7487980769230769 0.08173076923076923 0.23317307692307693
2 0.78125 0.8545673076923077 0.0985576923076923 0.24519230769230768
2 0.3545673076923077 0.27163461538461536 0.03365384615384615 0.08653846153846154
3 0.5492788461538461 0.33413461538461536 0.20673076923076922 0.19230769230769232
3 0.8990384615384616 0.10336538461538461 0.06009615384615385 0.11298076923076923