1 0.796875 0.8449519230769231 0.19471153846153846 0.24519230769230768
1 0.6442307692307693 0.84375 0.20673076923076922 0.2932692307692308
1 0.37259615384615385 0.7536057692307693 0.16105769230769232 0.2091346153846154
1 0.78125 0.3798076923076923 0.12740384615384615 0.10817307692307693
1 0.5709134615384616 0.390625 0.15144230769230768 0.1201923076923077
1 0.3918269230769231 0.3233173076923077 0.0889423076923077 0.08653846153846154
1 0.28725961538461536 0.4735576923076923 0.1875 0.14423076923076922
1 0.5192307692307693 0.23677884615384615 0.05048076923076923 0.0673076923076923
1 0.4639423076923077 0.2548076923076923 0.05048076923076923 0.07451923076923077
1 0.5264423076923077 0.20432692307692307 0.040865384615384616 0.052884615384615384
1 0.47836538461538464 0.1778846153846154 0.03125 0.038461538461538464
1 0.5108173076923077 0.13581730769230768 0.019230769230769232 0.03365384615384615
2 0.7007211538461539 0.6165865384615384 0.10096153846153846 0.19230769230769232
2 0.8341346153846154 0.6310096153846154 0.0889423076923077 0.1778846153846154
2 0.6153846153846154 0.421875 0.0889423076923077 0.12740384615384615
2 0.7007211538461539 0.40384615384615385 0.09134615384615384 0.125
2 0.41225961538461536 0.5396634615384616 0.06009615384615385 0.14182692307692307
2 0.3954326923076923 0.5084134615384616 0.0673076923076923 0.13221153846153846
2 0.47836538461538464 0.28365384615384615 0.028846153846153848 0.06490384615384616
3 0.9314903846153846 0.8233173076923077 0.13221153846153846 0.23798076923076922
3 0.28725961538461536 0.8461538461538461 0.2283653846153846 0.30288461538461536