1 0.6911057692307693 0.8293269230769231 0.18509615384615385 0.33653846153846156
1 0.5048076923076923 0.8137019230769231 0.17548076923076922 0.3293269230769231
1 0.3918269230769231 0.5432692307692307 0.14423076923076922 0.18990384615384615
1 0.6262019230769231 0.11298076923076923 0.04567307692307692 0.06490384615384616
1 0.5625 0.12620192307692307 0.057692307692307696 0.0625
1 0.46033653846153844 0.13341346153846154 0.0625 0.07211538461538461
2 0.7211538461538461 0.5180288461538461 0.057692307692307696 0.16826923076923078
2 0.6358173076923077 0.5168269230769231 0.0673076923076923 0.19471153846153846
2 0.5829326923076923 0.4963942307692308 0.0625 0.18028846153846154
2 0.5216346153846154 0.4987980769230769 0.0673076923076923 0.19230769230769232
3 0.06490384615384616 0.054086538461538464 0.0625 0.10817307692307693
3 0.6730769230769231 0.11298076923076923 0.057692307692307696 0.0985576923076923
3 0.203125 0.17668269230769232 0.2283653846153846 0.19471153846153846