1 0.2403846153846154 0.7980769230769231 0.21634615384615385 0.28846153846153844
1 0.41346153846153844 0.8557692307692307 0.2091346153846154 0.28365384615384615
1 0.6706730769230769 0.8209134615384616 0.18269230769230768 0.3004807692307692
1 0.8725961538461539 0.71875 0.1658653846153846 0.2283653846153846
1 0.8954326923076923 0.9122596153846154 0.20673076923076922 0.17307692307692307
1 0.7115384615384616 0.6298076923076923 0.13701923076923078 0.2283653846153846
1 0.4651442307692308 0.6502403846153846 0.13221153846153846 0.1875
1 0.33774038461538464 0.5985576923076923 0.17307692307692307 0.22355769230769232
1 0.7548076923076923 0.2644230769230769 0.1875 0.125
1 0.8978365384615384 0.24519230769230768 0.10817307692307693 0.10336538461538461
1 0.7319711538461539 0.18028846153846154 0.11538461538461539 0.08173076923076923
1 0.6995192307692307 0.05889423076923077 0.03365384615384615 0.052884615384615384
2 0.22716346153846154 0.8894230769230769 0.08653846153846154 0.21875
2 0.5709134615384616 0.6862980769230769 0.055288461538461536 0.23076923076923078
2 0.5973557692307693 0.5805288461538461 0.055288461538461536 0.19951923076923078
2 0.8016826923076923 0.44711538461538464 0.03365384615384615 0.16346153846153846
2 0.8317307692307693 0.4987980769230769 0.04807692307692308 0.18269230769230768
2 0.65625 0.22235576923076922 0.04807692307692308 0.09134615384615384
2 0.5492788461538461 0.12860576923076922 0.17307692307692307 0.11538461538461539
1 0.5853365384615384 0.18028846153846154 0.11298076923076923 0.07211538461538461