1 0.2860576923076923 0.6526442307692307 0.15625 0.23317307692307693
1 0.43149038461538464 0.6658653846153846 0.125 0.30288461538461536
1 0.4795673076923077 0.5552884615384616 0.12740384615384615 0.1971153846153846
1 0.6959134615384616 0.6670673076923077 0.10817307692307693 0.24278846153846154
1 0.6526442307692307 0.4855769230769231 0.09134615384615384 0.13221153846153846
1 0.6442307692307693 0.9567307692307693 0.24519230769230768 0.08173076923076923
1 0.8305288461538461 0.8677884615384616 0.24278846153846154 0.25961538461538464
1 0.8040865384615384 0.49399038461538464 0.1201923076923077 0.17307692307692307
1 0.6334134615384616 0.24519230769230768 0.07451923076923077 0.08413461538461539
1 0.8689903846153846 0.32091346153846156 0.07451923076923077 0.10096153846153846
2 0.09375 0.8990384615384616 0.08173076923076923 0.16105769230769232
2 0.9338942307692307 0.7944711538461539 0.0889423076923077 0.24759615384615385
2 0.47475961538461536 0.1502403846153846 0.019230769230769232 0.0625
2 0.43028846153846156 0.15264423076923078 0.019230769230769232 0.06009615384615385
3 0.5925480769230769 0.7367788461538461 0.17307692307692307 0.3870192307692308