1 0.5877403846153846 0.8064903846153846 0.16826923076923078 0.3125
1 0.5408653846153846 0.9387019230769231 0.20192307692307693 0.11778846153846154
1 0.6971153846153846 0.5540865384615384 0.125 0.19230769230769232
1 0.8137019230769231 0.7163461538461539 0.16346153846153846 0.2548076923076923
1 0.8689903846153846 0.9134615384615384 0.24278846153846154 0.16826923076923078
1 0.025240384615384616 0.15865384615384615 0.028846153846153848 0.07692307692307693
1 0.06850961538461539 0.2512019230769231 0.125 0.11538461538461539
1 0.08774038461538461 0.15504807692307693 0.0625 0.07451923076923077
1 0.1201923076923077 0.14543269230769232 0.06009615384615385 0.07451923076923077
1 0.5060096153846154 0.057692307692307696 0.026442307692307692 0.04567307692307692
2 0.21033653846153846 0.7235576923076923 0.0673076923076923 0.2692307692307692
2 0.6622596153846154 0.4338942307692308 0.06009615384615385 0.14182692307692307
2 0.8942307692307693 0.4495192307692308 0.04807692307692308 0.12980769230769232