1 0.8305288461538461 0.6514423076923077 0.15865384615384615 0.2283653846153846
1 0.6899038461538461 0.6442307692307693 0.125 0.3173076923076923
1 0.6634615384615384 0.5144230769230769 0.1201923076923077 0.18990384615384615
1 0.5060096153846154 0.4362980769230769 0.08413461538461539 0.1346153846153846
1 0.42788461538461536 0.6069711538461539 0.10336538461538461 0.23076923076923078
1 0.4387019230769231 0.9350961538461539 0.24278846153846154 0.125
1 0.25240384615384615 0.8401442307692307 0.2548076923076923 0.30288461538461536
1 0.3713942307692308 0.42427884615384615 0.10336538461538461 0.15144230769230768
1 0.5096153846153846 0.18028846153846154 0.07932692307692307 0.07932692307692307
1 0.3449519230769231 0.2536057692307692 0.09375 0.10096153846153846
1 0.11778846153846154 0.18269230769230768 0.09375 0.07692307692307693
2 0.34375 0.5336538461538461 0.055288461538461536 0.21875
2 0.1502403846153846 0.7451923076923077 0.0889423076923077 0.2620192307692308
2 0.6875 0.12379807692307693 0.014423076923076924 0.057692307692307696
2 0.7319711538461539 0.12379807692307693 0.019230769230769232 0.052884615384615384
2 0.056490384615384616 0.17908653846153846 0.040865384615384616 0.07211538461538461
0 0.12980769230769232 0.07692307692307693 0.06490384615384616 0.08413461538461539
3 0.5180288461538461 0.6995192307692307 0.17307692307692307 0.3870192307692308