1 0.9014423076923077 0.8449519230769231 0.19230769230769232 0.21875
1 0.7572115384615384 0.9206730769230769 0.27403846153846156 0.12259615384615384
1 0.42908653846153844 0.9182692307692307 0.25240384615384615 0.15865384615384615
1 0.17548076923076922 0.8990384615384616 0.2403846153846154 0.1971153846153846
1 0.35697115384615385 0.8185096153846154 0.21153846153846154 0.3076923076923077
1 0.6670673076923077 0.8004807692307693 0.19951923076923078 0.27403846153846156
1 0.8064903846153846 0.7103365384615384 0.2620192307692308 0.31490384615384615
1 0.26322115384615385 0.25961538461538464 0.15625 0.11057692307692307
1 0.08774038461538461 0.39783653846153844 0.17548076923076922 0.20432692307692307
1 0.25600961538461536 0.12620192307692307 0.04807692307692308 0.07692307692307693
2 0.5396634615384616 0.8557692307692307 0.13221153846153846 0.28365384615384615
2 0.49399038461538464 0.7548076923076923 0.11538461538461539 0.2692307692307692
2 0.19230769230769232 0.6790865384615384 0.10096153846153846 0.23557692307692307
2 0.2091346153846154 0.609375 0.07692307692307693 0.19951923076923078
2 0.32572115384615385 0.30649038461538464 0.08173076923076923 0.12259615384615384
0 0.4675480769230769 0.18629807692307693 0.25240384615384615 0.22115384615384615