1 0.234375 0.8629807692307693 0.27163461538461536 0.2692307692307692
1 0.4206730769230769 0.8798076923076923 0.2548076923076923 0.23557692307692307
1 0.6875 0.8425480769230769 0.22115384615384615 0.29086538461538464
1 0.3076923076923077 0.6730769230769231 0.21153846153846154 0.25961538461538464
1 0.44350961538461536 0.7115384615384616 0.15865384615384615 0.21153846153846154
1 0.7115384615384616 0.6634615384615384 0.18028846153846154 0.2668269230769231
1 0.8930288461538461 0.734375 0.20673076923076922 0.27403846153846156
1 0.9110576923076923 0.8966346153846154 0.17307692307692307 0.12980769230769232
1 0.3737980769230769 0.32211538461538464 0.19951923076923078 0.14423076923076922
1 0.46274038461538464 0.2920673076923077 0.10096153846153846 0.10576923076923077
1 0.703125 0.1814903846153846 0.1201923076923077 0.11778846153846154
1 0.8064903846153846 0.12860576923076922 0.125 0.0985576923076923
1 0.6201923076923077 0.036057692307692304 0.03365384615384615 0.05048076923076923
2 0.21995192307692307 0.9399038461538461 0.10817307692307693 0.11538461538461539
2 0.5685096153846154 0.6887019230769231 0.08413461538461539 0.24519230769230768
2 0.578125 0.5901442307692307 0.07692307692307693 0.2091346153846154
2 0.8197115384615384 0.5048076923076923 0.0889423076923077 0.21634615384615385
2 0.7884615384615384 0.4543269230769231 0.07211538461538461 0.18028846153846154
2 0.5973557692307693 0.23557692307692307 0.0673076923076923 0.10336538461538461
0 0.4735576923076923 0.16826923076923078 0.22115384615384615 0.1875