1 0.2548076923076923 0.7283653846153846 0.17548076923076922 0.2932692307692308
1 0.640625 0.6274038461538461 0.17548076923076922 0.21875
1 0.6766826923076923 0.8473557692307693 0.24278846153846154 0.2860576923076923
1 0.8605769230769231 0.7680288461538461 0.20192307692307693 0.2860576923076923
1 0.057692307692307696 0.15865384615384615 0.0889423076923077 0.07692307692307693
1 0.12980769230769232 0.1346153846153846 0.07692307692307693 0.06971153846153846
1 0.22956730769230768 0.10336538461538461 0.04567307692307692 0.0673076923076923
1 0.2764423076923077 0.11899038461538461 0.0625 0.06009615384615385
1 0.3173076923076923 0.140625 0.052884615384615384 0.07451923076923077
1 0.4026442307692308 0.12379807692307693 0.04326923076923077 0.0625
1 0.4338942307692308 0.09254807692307693 0.040865384615384616 0.055288461538461536
1 0.38822115384615385 0.07932692307692307 0.028846153846153848 0.036057692307692304
1 0.5841346153846154 0.14302884615384615 0.10096153846153846 0.07211538461538461
1 0.6009615384615384 0.1814903846153846 0.08173076923076923 0.07932692307692307
1 0.5877403846153846 0.28125 0.12259615384615384 0.11778846153846154
2 0.07692307692307693 0.8377403846153846 0.10576923076923077 0.27403846153846156
2 0.15745192307692307 0.6598557692307693 0.0889423076923077 0.22115384615384615
2 0.3293269230769231 0.5372596153846154 0.10576923076923077 0.19230769230769232
2 0.5408653846153846 0.6574519230769231 0.0673076923076923 0.22355769230769232
2 0.7331730769230769 0.5721153846153846 0.08653846153846154 0.20192307692307693
2 0.9891826923076923 0.8521634615384616 0.016826923076923076 0.18028846153846154
3 0.34615384615384615 0.10216346153846154 0.040865384615384616 0.07932692307692307
3 0.45913461538461536 0.7367788461538461 0.19951923076923078 0.4230769230769231