1 0.08533653846153846 0.9387019230769231 0.16105769230769232 0.11778846153846154
1 0.2776442307692308 0.7860576923076923 0.16105769230769232 0.27163461538461536
1 0.30649038461538464 0.9158653846153846 0.18028846153846154 0.16346153846153846
1 0.59375 0.6995192307692307 0.1658653846153846 0.1971153846153846
1 0.6610576923076923 0.8521634615384616 0.18269230769230768 0.29086538461538464
1 0.6706730769230769 0.6286057692307693 0.14182692307692307 0.21153846153846154
1 0.4338942307692308 0.4375 0.0985576923076923 0.14182692307692307
1 0.6021634615384616 0.31850961538461536 0.0889423076923077 0.09134615384615384
1 0.7355769230769231 0.38100961538461536 0.09615384615384616 0.12980769230769232
2 0.9675480769230769 0.9423076923076923 0.06009615384615385 0.10096153846153846
2 0.7716346153846154 0.75 0.0625 0.2692307692307692
2 0.36778846153846156 0.2283653846153846 0.019230769230769232 0.07211538461538461
2 0.5757211538461539 0.3473557692307692 0.038461538461538464 0.09375
0 0.78125 0.2512019230769231 0.20673076923076922 0.19230769230769232
0 0.8942307692307693 0.1622596153846154 0.057692307692307696 0.09615384615384616
3 0.5769230769230769 0.9158653846153846 0.25 0.1658653846153846