1 0.3581730769230769 0.890625 0.16346153846153846 0.21394230769230768
1 0.4879807692307692 0.8557692307692307 0.16346153846153846 0.25240384615384615
1 0.7055288461538461 0.7271634615384616 0.12980769230769232 0.18269230769230768
1 0.5709134615384616 0.9699519230769231 0.17548076923076922 0.055288461538461536
1 0.4182692307692308 0.49759615384615385 0.12259615384615384 0.10817307692307693
1 0.4230769230769231 0.45913461538461536 0.13221153846153846 0.08173076923076923
1 0.6117788461538461 0.43028846153846156 0.125 0.10096153846153846
1 0.6490384615384616 0.3581730769230769 0.08653846153846154 0.07692307692307693
1 0.4543269230769231 0.3161057692307692 0.04326923076923077 0.06009615384615385
1 0.5096153846153846 0.3269230769230769 0.04326923076923077 0.0625
1 0.43149038461538464 0.2980769230769231 0.036057692307692304 0.052884615384615384
1 0.4483173076923077 0.2764423076923077 0.026442307692307692 0.040865384615384616
1 0.42427884615384615 0.25 0.02403846153846154 0.03125
1 0.4675480769230769 0.26322115384615385 0.02403846153846154 0.026442307692307692
2 0.38461538461538464 0.6754807692307693 0.07692307692307693 0.1658653846153846
2 0.2764423076923077 0.7067307692307693 0.0673076923076923 0.15625
2 0.5012019230769231 0.47475961538461536 0.06009615384615385 0.0985576923076923
2 0.5829326923076923 0.46634615384615385 0.07451923076923077 0.10576923076923077
2 0.6141826923076923 0.5372596153846154 0.06490384615384616 0.13942307692307693
2 0.7367788461538461 0.5552884615384616 0.07211538461538461 0.15144230769230768
2 0.53125 0.34615384615384615 0.036057692307692304 0.0625
3 0.21033653846153846 0.9026442307692307 0.18990384615384615 0.18990384615384615
3 0.7956730769230769 0.8052884615384616 0.18028846153846154 0.33413461538461536