1 0.5793269230769231 0.5204326923076923 0.1346153846153846 0.1971153846153846
1 0.7439903846153846 0.7379807692307693 0.19471153846153846 0.2956730769230769
1 0.6370192307692307 0.23798076923076922 0.13942307692307693 0.10817307692307693
1 0.7319711538461539 0.21514423076923078 0.125 0.10336538461538461
1 0.8233173076923077 0.2439903846153846 0.09375 0.10096153846153846
1 0.9098557692307693 0.28846153846153844 0.16826923076923078 0.12740384615384615
1 0.9206730769230769 0.21394230769230768 0.13942307692307693 0.10336538461538461
1 0.7572115384615384 0.06490384615384616 0.028846153846153848 0.04326923076923077
1 0.7908653846153846 0.0733173076923077 0.04326923076923077 0.05048076923076923
1 0.8257211538461539 0.08413461538461539 0.04326923076923077 0.05048076923076923
2 0.6838942307692307 0.5685096153846154 0.07211538461538461 0.18990384615384615