1 0.2848557692307692 0.6598557692307693 0.19230769230769232 0.2956730769230769
1 0.6754807692307693 0.8713942307692307 0.25961538461538464 0.25240384615384615
1 0.8713942307692307 0.8545673076923077 0.20432692307692307 0.2860576923076923
1 0.6971153846153846 0.6646634615384616 0.18990384615384615 0.23557692307692307
1 0.23557692307692307 0.042067307692307696 0.09615384615384616 0.08173076923076923
1 0.2620192307692308 0.03365384615384615 0.08653846153846154 0.0673076923076923
1 0.4230769230769231 0.027644230769230768 0.04807692307692308 0.055288461538461536
1 0.44350961538461536 0.056490384615384616 0.06971153846153846 0.07211538461538461
1 0.5132211538461539 0.10216346153846154 0.06490384615384616 0.0889423076923077
1 0.8004807692307693 0.17908653846153846 0.04807692307692308 0.055288461538461536
1 0.625 0.07451923076923077 0.036057692307692304 0.055288461538461536
1 0.578125 0.04807692307692308 0.038461538461538464 0.04567307692307692
2 0.07451923076923077 0.8052884615384616 0.12980769230769232 0.28365384615384615
2 0.1622596153846154 0.6045673076923077 0.09134615384615384 0.24278846153846154
2 0.32091346153846156 0.4735576923076923 0.10817307692307693 0.1346153846153846
2 0.5925480769230769 0.6682692307692307 0.06971153846153846 0.23317307692307693
2 0.7992788461538461 0.6334134615384616 0.08653846153846154 0.19230769230769232
2 0.30528846153846156 0.046875 0.04326923076923077 0.0673076923076923
2 0.5793269230769231 0.1141826923076923 0.028846153846153848 0.07692307692307693
3 0.7211538461538461 0.15985576923076922 0.11298076923076923 0.11778846153846154
3 0.4831730769230769 0.7283653846153846 0.21634615384615385 0.4519230769230769