1 0.7512019230769231 0.7956730769230769 0.22115384615384615 0.30288461538461536
1 0.5757211538461539 0.8509615384615384 0.21634615384615385 0.2956730769230769
1 0.31971153846153844 0.8221153846153846 0.18269230769230768 0.30288461538461536
1 0.10336538461538461 0.9134615384615384 0.1971153846153846 0.16826923076923078
1 0.1141826923076923 0.7271634615384616 0.17067307692307693 0.2403846153846154
1 0.27283653846153844 0.6346153846153846 0.14182692307692307 0.2283653846153846
1 0.5252403846153846 0.6526442307692307 0.1346153846153846 0.19471153846153846
1 0.6514423076923077 0.5961538461538461 0.18028846153846154 0.2283653846153846
1 0.45552884615384615 0.2764423076923077 0.0889423076923077 0.11538461538461539
1 0.27884615384615385 0.08413461538461539 0.04326923076923077 0.04807692307692308
2 0.7716346153846154 0.8882211538461539 0.09615384615384616 0.21153846153846154
2 0.33413461538461536 0.46634615384615385 0.06490384615384616 0.1778846153846154
2 0.2764423076923077 0.453125 0.0673076923076923 0.13701923076923078
2 0.15504807692307693 0.5036057692307693 0.06009615384615385 0.18990384615384615
2 0.1778846153846154 0.453125 0.04326923076923077 0.16105769230769232
0 0.21153846153846154 0.21634615384615385 0.4230769230769231 0.2980769230769231