1 0.7151442307692307 0.8677884615384616 0.14903846153846154 0.24278846153846154
3 0.5805288461538461 0.8365384615384616 0.1466346153846154 0.2668269230769231
3 0.5060096153846154 0.96875 0.1778846153846154 0.06009615384615385
3 0.3713942307692308 0.6514423076923077 0.12259615384615384 0.16826923076923078
3 0.7800480769230769 0.45552884615384615 0.14423076923076922 0.0985576923076923
3 0.6382211538461539 0.4266826923076923 0.14423076923076922 0.10336538461538461
3 0.4254807692307692 0.4483173076923077 0.13701923076923078 0.10817307692307693
3 0.28365384615384615 0.33653846153846156 0.11057692307692307 0.09375
3 0.44591346153846156 0.32572115384615385 0.06009615384615385 0.0673076923076923
3 0.5192307692307693 0.28125 0.03365384615384615 0.055288461538461536
3 0.5240384615384616 0.24158653846153846 0.02403846153846154 0.052884615384615384
3 0.5745192307692307 0.2403846153846154 0.028846153846153848 0.040865384615384616
3 0.5336538461538461 0.19110576923076922 0.019230769230769232 0.03365384615384615
3 0.5721153846153846 0.17067307692307693 0.014423076923076924 0.021634615384615384
2 0.9699519230769231 0.9026442307692307 0.05048076923076923 0.18990384615384615
2 0.7800480769230769 0.6706730769230769 0.06009615384615385 0.15384615384615385
2 0.6670673076923077 0.6358173076923077 0.06490384615384616 0.16826923076923078
2 0.43028846153846156 0.5372596153846154 0.028846153846153848 0.11778846153846154
2 0.2956730769230769 0.5985576923076923 0.03365384615384615 0.12980769230769232
2 0.8233173076923077 0.48677884615384615 0.06971153846153846 0.10576923076923077
2 0.5757211538461539 0.28846153846153844 0.019230769230769232 0.052884615384615384
2 0.5564903846153846 0.27283653846153844 0.016826923076923076 0.055288461538461536
3 0.8677884615384616 0.8762019230769231 0.16346153846153846 0.24278846153846154
3 0.25600961538461536 0.8221153846153846 0.15865384615384615 0.3485576923076923