1 0.7644230769230769 0.5180288461538461 0.1201923076923077 0.17548076923076922
1 0.6574519230769231 0.53125 0.09134615384615384 0.23798076923076922
1 0.6165865384615384 0.4567307692307692 0.0889423076923077 0.16105769230769232
1 0.49038461538461536 0.8653846153846154 0.19230769230769232 0.2644230769230769
1 0.4495192307692308 0.5240384615384616 0.08413461538461539 0.18028846153846154
1 0.34615384615384615 0.7139423076923077 0.1778846153846154 0.25961538461538464
1 0.4639423076923077 0.3798076923076923 0.07932692307692307 0.10817307692307693
1 0.3329326923076923 0.38341346153846156 0.09134615384615384 0.12980769230769232
1 0.5324519230769231 0.21394230769230768 0.06009615384615385 0.06971153846153846
1 0.2512019230769231 0.2668269230769231 0.07211538461538461 0.07692307692307693
1 0.03365384615384615 0.21995192307692307 0.0673076923076923 0.06971153846153846
1 0.02403846153846154 0.15985576923076922 0.04807692307692308 0.05048076923076923
2 0.9122596153846154 0.7692307692307693 0.06009615384615385 0.2764423076923077
2 0.6478365384615384 0.12259615384615384 0.01201923076923077 0.04326923076923077
2 0.6826923076923077 0.12860576923076922 0.016826923076923076 0.05048076923076923
2 0.2692307692307692 0.6213942307692307 0.04807692307692308 0.18509615384615385
0 0.13221153846153846 0.13341346153846154 0.06009615384615385 0.08173076923076923
3 0.5300480769230769 0.5865384615384616 0.12259615384615384 0.3125