1 0.6802884615384616 0.890625 0.14423076923076922 0.21394230769230768
1 0.5408653846153846 0.8677884615384616 0.15384615384615385 0.25961538461538464
1 0.32572115384615385 0.6766826923076923 0.125 0.15865384615384615
1 0.7692307692307693 0.4699519230769231 0.10096153846153846 0.0889423076923077
1 0.640625 0.4423076923076923 0.14903846153846154 0.09615384615384616
1 0.41947115384615385 0.46634615384615385 0.13942307692307693 0.11057692307692307
1 0.25600961538461536 0.35096153846153844 0.11057692307692307 0.08653846153846154
1 0.4098557692307692 0.33653846153846156 0.0625 0.057692307692307696
1 0.46875 0.2932692307692308 0.038461538461538464 0.06009615384615385
1 0.4699519230769231 0.24879807692307693 0.02403846153846154 0.038461538461538464
1 0.5240384615384616 0.24879807692307693 0.03365384615384615 0.04567307692307692
1 0.48677884615384615 0.20072115384615385 0.019230769230769232 0.026442307692307692
1 0.5216346153846154 0.17668269230769232 0.014423076923076924 0.019230769230769232
2 0.9471153846153846 0.9122596153846154 0.04567307692307692 0.17307692307692307
2 0.7487980769230769 0.6947115384615384 0.04807692307692308 0.14903846153846154
2 0.6274038461538461 0.6682692307692307 0.0625 0.17067307692307693
2 0.36899038461538464 0.5564903846153846 0.03365384615384615 0.11057692307692307
2 0.23798076923076922 0.6310096153846154 0.03365384615384615 0.12980769230769232
2 0.5348557692307693 0.2980769230769231 0.019230769230769232 0.0673076923076923
2 0.5072115384615384 0.2800480769230769 0.019230769230769232 0.057692307692307696
3 0.8485576923076923 0.8930288461538461 0.17067307692307693 0.2091346153846154
3 0.20552884615384615 0.84375 0.1658653846153846 0.3076923076923077