1 0.8137019230769231 0.7920673076923077 0.27884615384615385 0.35096153846153844
1 0.6310096153846154 0.8533653846153846 0.2668269230769231 0.29086538461538464
1 0.3545673076923077 0.8545673076923077 0.24278846153846154 0.2860576923076923
1 0.15625 0.9591346153846154 0.18269230769230768 0.07692307692307693
1 0.12980769230769232 0.8185096153846154 0.20432692307692307 0.28125
1 0.2764423076923077 0.6947115384615384 0.18509615384615385 0.2692307692307692
1 0.5504807692307693 0.6730769230769231 0.17548076923076922 0.22596153846153846
1 0.6754807692307693 0.5997596153846154 0.23076923076923078 0.2764423076923077
1 0.3629807692307692 0.27403846153846156 0.2091346153846154 0.16346153846153846
1 0.03125 0.33052884615384615 0.0625 0.13221153846153846
1 0.04447115384615385 0.1971153846153846 0.0889423076923077 0.10576923076923077
1 0.17307692307692307 0.23798076923076922 0.09375 0.11298076923076923
1 0.19230769230769232 0.14423076923076922 0.06971153846153846 0.07932692307692307
2 0.8425480769230769 0.859375 0.125 0.19230769230769232
2 0.41346153846153844 0.5685096153846154 0.09615384615384616 0.22115384615384615
2 0.3088942307692308 0.5420673076923077 0.10096153846153846 0.21394230769230768
2 0.1466346153846154 0.5144230769230769 0.08413461538461539 0.17548076923076922
2 0.13341346153846154 0.5721153846153846 0.08653846153846154 0.21875
2 0.21153846153846154 0.19230769230769232 0.06009615384615385 0.09615384615384616
0 0.3713942307692308 0.14182692307692307 0.22115384615384615 0.18269230769230768