1 0.19230769230769232 0.8341346153846154 0.22596153846153846 0.2980769230769231
1 0.3786057692307692 0.8665865384615384 0.22355769230769232 0.2620192307692308
1 0.2932692307692308 0.6310096153846154 0.18990384615384615 0.23798076923076922
1 0.42427884615384615 0.6802884615384616 0.13701923076923078 0.1971153846153846
1 0.640625 0.8461538461538461 0.19230769230769232 0.30288461538461536
1 0.8822115384615384 0.921875 0.23076923076923078 0.1466346153846154
1 0.8461538461538461 0.7439903846153846 0.17548076923076922 0.2548076923076923
1 0.6814903846153846 0.65625 0.14423076923076922 0.24519230769230768
1 0.8125 0.24519230769230768 0.1466346153846154 0.11538461538461539
1 0.7247596153846154 0.1971153846153846 0.09134615384615384 0.0985576923076923
1 0.796875 0.15264423076923078 0.10576923076923077 0.09375
1 0.33413461538461536 0.3016826923076923 0.08413461538461539 0.125
1 0.65625 0.038461538461538464 0.026442307692307692 0.04326923076923077
2 0.17908653846153846 0.9086538461538461 0.09375 0.1778846153846154
2 0.5432692307692307 0.65625 0.06490384615384616 0.23557692307692307
2 0.5612980769230769 0.5612980769230769 0.055288461538461536 0.18269230769230768
2 0.796875 0.515625 0.0625 0.19951923076923078
2 0.7752403846153846 0.46153846153846156 0.05048076923076923 0.16826923076923078
2 0.6117788461538461 0.23197115384615385 0.06009615384615385 0.0985576923076923
2 0.6526442307692307 0.16706730769230768 0.04326923076923077 0.0889423076923077
0 0.5 0.13822115384615385 0.1971153846153846 0.13942307692307693