1 0.7620192307692307 0.8521634615384616 0.2692307692307692 0.29086538461538464
1 0.5697115384615384 0.8737980769230769 0.2548076923076923 0.24759615384615385
1 0.28846153846153844 0.8341346153846154 0.23076923076923078 0.3076923076923077
1 0.07572115384615384 0.8990384615384616 0.15144230769230768 0.12980769230769232
1 0.09134615384615384 0.7283653846153846 0.18269230769230768 0.2980769230769231
1 0.25841346153846156 0.6454326923076923 0.18028846153846154 0.2692307692307692
1 0.5348557692307693 0.6935096153846154 0.16105769230769232 0.21634615384615385
1 0.6766826923076923 0.6574519230769231 0.22115384615384615 0.2644230769230769
1 0.5649038461538461 0.27403846153846156 0.20192307692307693 0.15384615384615385
1 0.45072115384615385 0.17067307692307693 0.12740384615384615 0.0985576923076923
1 0.28125 0.17067307692307693 0.10336538461538461 0.1201923076923077
1 0.3293269230769231 0.0733173076923077 0.06009615384615385 0.08173076923076923
1 0.20793269230769232 0.09495192307692307 0.11298076923076923 0.0985576923076923
2 0.7776442307692307 0.9290865384615384 0.12259615384615384 0.13701923076923078
2 0.4098557692307692 0.5324519230769231 0.08413461538461539 0.20673076923076922
2 0.3161057692307692 0.4855769230769231 0.09615384615384616 0.1971153846153846
2 0.14423076923076922 0.49038461538461536 0.08653846153846154 0.22355769230769232
2 0.1814903846153846 0.43509615384615385 0.06009615384615385 0.18269230769230768
2 0.33052884615384615 0.12620192307692307 0.04326923076923077 0.08173076923076923
0 0.5 0.11298076923076923 0.21153846153846154 0.1658653846153846
0 0.10336538461538461 0.17427884615384615 0.16826923076923078 0.30288461538461536