1 0.6610576923076923 0.8954326923076923 0.16826923076923078 0.20432692307692307
1 0.5336538461538461 0.8689903846153846 0.16105769230769232 0.25961538461538464
1 0.4519230769230769 0.9759615384615384 0.1875 0.04326923076923077
1 0.35336538461538464 0.6490384615384616 0.125 0.17307692307692307
1 0.5228365384615384 0.2980769230769231 0.036057692307692304 0.06009615384615385
1 0.5432692307692307 0.2860576923076923 0.021634615384615384 0.04326923076923077
1 0.5733173076923077 0.24879807692307693 0.021634615384615384 0.03125
1 0.5240384615384616 0.23918269230769232 0.019230769230769232 0.038461538461538464
1 0.24278846153846154 0.41346153846153844 0.11298076923076923 0.10336538461538461
1 0.20552884615384615 0.45552884615384615 0.0985576923076923 0.10576923076923077
2 0.9122596153846154 0.9302884615384616 0.06009615384615385 0.1346153846153846
2 0.7427884615384616 0.7163461538461539 0.06971153846153846 0.15144230769230768
2 0.6322115384615384 0.6814903846153846 0.07211538461538461 0.16346153846153846
2 0.3894230769230769 0.5216346153846154 0.06490384615384616 0.11298076923076923
2 0.5817307692307693 0.27163461538461536 0.01201923076923077 0.028846153846153848
2 0.5625 0.2692307692307692 0.01201923076923077 0.03125
0 0.4495192307692308 0.43509615384615385 0.3245192307692308 0.2548076923076923
3 0.8185096153846154 0.8978365384615384 0.17548076923076922 0.19951923076923078
3 0.22235576923076922 0.8197115384615384 0.18509615384615385 0.3245192307692308