1 0.24519230769230768 0.7992788461538461 0.28846153846153844 0.36778846153846156
1 0.4519230769230769 0.828125 0.28365384615384615 0.3389423076923077
1 0.7439903846153846 0.7692307692307693 0.25 0.37259615384615385
1 0.9411057692307693 0.8449519230769231 0.11298076923076923 0.21394230769230768
1 0.9254807692307693 0.6286057692307693 0.14423076923076922 0.2956730769230769
1 0.765625 0.5372596153846154 0.18990384615384615 0.28846153846153844
1 0.4807692307692308 0.5985576923076923 0.17307692307692307 0.2283653846153846
1 0.328125 0.5588942307692307 0.23076923076923078 0.27884615384615385
1 0.7980769230769231 0.01201923076923077 0.11057692307692307 0.02403846153846154
2 0.23557692307692307 0.890625 0.1346153846153846 0.21394230769230768
2 0.7283653846153846 0.3389423076923077 0.09375 0.16346153846153846
2 0.7800480769230769 0.29086538461538464 0.10576923076923077 0.18028846153846154
2 0.8401442307692307 0.31490384615384615 0.055288461538461536 0.18269230769230768
2 0.8822115384615384 0.3737980769230769 0.08413461538461539 0.22115384615384615
2 0.859375 0.14423076923076922 0.11538461538461539 0.15144230769230768
0 0.5204326923076923 0.14423076923076922 0.5024038461538461 0.28846153846153844