1 0.4110576923076923 0.7800480769230769 0.17067307692307693 0.30528846153846156
1 0.45072115384615385 0.9567307692307693 0.21394230769230768 0.08413461538461539
1 0.12259615384615384 0.8930288461538461 0.24519230769230768 0.20432692307692307
1 0.18269230769230768 0.6790865384615384 0.16346153846153846 0.2620192307692308
1 0.31490384615384615 0.515625 0.12740384615384615 0.19471153846153846
1 0.9567307692307693 0.2283653846153846 0.08173076923076923 0.1201923076923077
1 0.6490384615384616 0.23677884615384615 0.14182692307692307 0.10576923076923077
1 0.5408653846153846 0.03485576923076923 0.026442307692307692 0.04326923076923077
2 0.8305288461538461 0.7932692307692307 0.07451923076923077 0.28125
2 0.6394230769230769 0.5216346153846154 0.06009615384615385 0.16346153846153846
2 0.2247596153846154 0.3894230769230769 0.06971153846153846 0.18028846153846154
2 0.11658653846153846 0.3942307692307692 0.05048076923076923 0.125