1 0.7728365384615384 0.8822115384615384 0.2668269230769231 0.23076923076923078
1 0.5745192307692307 0.9098557692307693 0.25 0.17548076923076922
1 0.2848557692307692 0.8713942307692307 0.22355769230769232 0.23798076923076922
1 0.08413461538461539 0.8028846153846154 0.16826923076923078 0.27403846153846156
1 0.2512019230769231 0.7103365384615384 0.17307692307692307 0.2692307692307692
1 0.5276442307692307 0.7536057692307693 0.16346153846153846 0.22115384615384615
1 0.6754807692307693 0.7055288461538461 0.21394230769230768 0.2668269230769231
1 0.23076923076923078 0.2932692307692308 0.22115384615384615 0.15625
1 0.07451923076923077 0.2620192307692308 0.12259615384615384 0.12740384615384615
1 0.26322115384615385 0.20072115384615385 0.13701923076923078 0.10096153846153846
1 0.3088942307692308 0.06610576923076923 0.04326923076923077 0.06490384615384616
2 0.7836538461538461 0.9567307692307693 0.10576923076923077 0.08173076923076923
2 0.4050480769230769 0.7848557692307693 0.08173076923076923 0.2644230769230769
2 0.38341346153846156 0.6646634615384616 0.07692307692307693 0.23076923076923078
2 0.1622596153846154 0.4963942307692308 0.05048076923076923 0.1875
2 0.12620192307692307 0.5528846153846154 0.06971153846153846 0.2091346153846154
2 0.3449519230769231 0.2536057692307692 0.0625 0.10817307692307693
2 0.4735576923076923 0.15625 0.20432692307692307 0.14423076923076922
1 0.42908653846153844 0.21153846153846154 0.1346153846153846 0.09134615384615384