1 0.75 0.765625 0.15865384615384615 0.2860576923076923
1 0.3425480769230769 0.8966346153846154 0.21634615384615385 0.20192307692307693
1 0.35336538461538464 0.6995192307692307 0.16105769230769232 0.21394230769230768
1 0.14783653846153846 0.8605769230769231 0.1778846153846154 0.2644230769230769
1 0.8894230769230769 0.16826923076923078 0.08413461538461539 0.06971153846153846
1 0.7139423076923077 0.12980769230769232 0.04326923076923077 0.06490384615384616
1 0.6478365384615384 0.15144230769230768 0.040865384615384616 0.055288461538461536
1 0.6033653846153846 0.18389423076923078 0.06009615384615385 0.06971153846153846
1 0.5360576923076923 0.15144230769230768 0.03365384615384615 0.038461538461538464
1 0.47716346153846156 0.1310096153846154 0.026442307692307692 0.038461538461538464
1 0.5192307692307693 0.20192307692307693 0.08653846153846154 0.08653846153846154
1 0.36177884615384615 0.25240384615384615 0.10576923076923077 0.07692307692307693
1 0.3605769230769231 0.21153846153846154 0.09375 0.057692307692307696
2 0.8786057692307693 0.6213942307692307 0.07211538461538461 0.21634615384615385
2 0.45552884615384615 0.7139423076923077 0.040865384615384616 0.22115384615384615
2 0.2548076923076923 0.6526442307692307 0.0625 0.18990384615384615
2 0.2860576923076923 0.5733173076923077 0.052884615384615384 0.17548076923076922
2 0.014423076923076924 0.9411057692307693 0.028846153846153848 0.10336538461538461
2 0.40024038461538464 0.4026442307692308 0.038461538461538464 0.13701923076923078
2 0.5733173076923077 0.171875 0.019230769230769232 0.07451923076923077
3 0.5504807692307693 0.7884615384615384 0.16346153846153846 0.4182692307692308
3 0.6141826923076923 0.13701923076923078 0.03365384615384615 0.07932692307692307