1 0.27403846153846156 0.8810096153846154 0.1466346153846154 0.22596153846153846
1 0.40865384615384615 0.8461538461538461 0.1466346153846154 0.24519230769230768
1 0.4807692307692308 0.9771634615384616 0.17307692307692307 0.040865384615384616
1 0.6334134615384616 0.7115384615384616 0.11298076923076923 0.1778846153846154
1 0.4495192307692308 0.4675480769230769 0.15384615384615385 0.09615384615384616
1 0.5949519230769231 0.4567307692307692 0.13942307692307693 0.08653846153846154
1 0.6646634615384616 0.38221153846153844 0.08173076923076923 0.0625
1 0.7752403846153846 0.47475961538461536 0.11057692307692307 0.125
1 0.4495192307692308 0.28125 0.03365384615384615 0.04326923076923077
1 0.5192307692307693 0.3317307692307692 0.05048076923076923 0.06009615384615385
1 0.49759615384615385 0.29086538461538464 0.026442307692307692 0.04807692307692308
1 0.48677884615384615 0.23197115384615385 0.016826923076923076 0.026442307692307692
1 0.4495192307692308 0.25240384615384615 0.028846153846153848 0.040865384615384616
2 0.027644230769230768 0.8966346153846154 0.04807692307692308 0.17067307692307693
2 0.2247596153846154 0.6802884615384616 0.06009615384615385 0.1466346153846154
2 0.3329326923076923 0.6538461538461539 0.057692307692307696 0.16105769230769232
2 0.3870192307692308 0.49278846153846156 0.07692307692307693 0.10817307692307693
2 0.5913461538461539 0.5444711538461539 0.05048076923076923 0.14182692307692307
2 0.7019230769230769 0.6225961538461539 0.036057692307692304 0.13221153846153846
2 0.4855769230769231 0.35096153846153844 0.02403846153846154 0.052884615384615384
2 0.47115384615384615 0.31009615384615385 0.019230769230769232 0.05048076923076923
3 0.1201923076923077 0.8737980769230769 0.16346153846153846 0.2283653846153846
3 0.7295673076923077 0.84375 0.16105769230769232 0.3076923076923077