1 0.7115384615384616 0.7620192307692307 0.17548076923076922 0.3485576923076923
1 0.5360576923076923 0.8786057692307693 0.20192307692307693 0.23798076923076922
1 0.39663461538461536 0.5564903846153846 0.13942307692307693 0.17548076923076922
1 0.07211538461538461 0.39783653846153844 0.12740384615384615 0.1201923076923077
1 0.5600961538461539 0.14423076923076922 0.05048076923076923 0.052884615384615384
1 0.43028846153846156 0.17668269230769232 0.0625 0.06490384615384616
1 0.07451923076923077 0.2127403846153846 0.038461538461538464 0.052884615384615384
2 0.8173076923076923 0.6274038461538461 0.08173076923076923 0.20432692307692307
2 0.49759615384615385 0.49158653846153844 0.06009615384615385 0.15144230769230768
2 0.43149038461538464 0.7908653846153846 0.0985576923076923 0.24519230769230768
2 0.27884615384615385 0.90625 0.11538461538461539 0.18269230769230768
2 0.6141826923076923 0.3076923076923077 0.07211538461538461 0.09615384615384616
2 0.6117788461538461 0.09615384615384616 0.01201923076923077 0.03365384615384615
3 0.33774038461538464 0.3605769230769231 0.20673076923076922 0.1971153846153846
3 0.15384615384615385 0.28846153846153844 0.11298076923076923 0.12259615384615384
3 0.027644230769230768 0.19471153846153846 0.055288461538461536 0.11057692307692307