1 0.11658653846153846 0.7896634615384616 0.23317307692307693 0.3581730769230769
1 0.29447115384615385 0.8377403846153846 0.25721153846153844 0.31009615384615385
1 0.5913461538461539 0.8257211538461539 0.22596153846153846 0.34375
1 0.8497596153846154 0.9242788461538461 0.2620192307692308 0.1466346153846154
1 0.828125 0.7307692307692307 0.20673076923076922 0.2764423076923077
1 0.6478365384615384 0.6201923076923077 0.17067307692307693 0.2692307692307692
1 0.3629807692307692 0.6225961538461539 0.16105769230769232 0.22355769230769232
1 0.22115384615384615 0.5576923076923077 0.21394230769230768 0.2620192307692308
1 0.45552884615384615 0.18990384615384615 0.20192307692307693 0.14423076923076922
1 0.7091346153846154 0.1310096153846154 0.09615384615384616 0.11538461538461539
1 0.8245192307692307 0.06610576923076923 0.12259615384615384 0.10576923076923077
1 0.8353365384615384 0.22115384615384615 0.0985576923076923 0.12980769230769232
1 0.6742788461538461 0.037259615384615384 0.06490384615384616 0.06009615384615385
2 0.0733173076923077 0.8677884615384616 0.11538461538461539 0.22115384615384615
2 0.5024038461538461 0.49158653846153844 0.07451923076923077 0.21875
2 0.6117788461538461 0.45552884615384615 0.08653846153846154 0.21153846153846154
2 0.7920673076923077 0.4735576923076923 0.07692307692307693 0.22355769230769232
2 0.7668269230769231 0.41586538461538464 0.057692307692307696 0.18269230769230768
2 0.6646634615384616 0.08052884615384616 0.052884615384615384 0.10096153846153846
0 0.49038461538461536 0.0733173076923077 0.22115384615384615 0.1466346153846154