1 0.23918269230769232 0.8798076923076923 0.18028846153846154 0.1971153846153846
1 0.37740384615384615 0.8725961538461539 0.17548076923076922 0.24278846153846154
1 0.6237980769230769 0.7415865384615384 0.15144230769230768 0.19951923076923078
1 0.3137019230769231 0.47115384615384615 0.1778846153846154 0.11778846153846154
1 0.47596153846153844 0.4651442307692308 0.15865384615384615 0.11778846153846154
1 0.6947115384615384 0.5096153846153846 0.15144230769230768 0.11538461538461539
1 0.8233173076923077 0.4254807692307692 0.12740384615384615 0.10817307692307693
1 0.6322115384615384 0.3870192307692308 0.08653846153846154 0.07932692307692307
1 0.5300480769230769 0.33052884615384615 0.052884615384615384 0.06490384615384616
1 0.5288461538461539 0.2764423076923077 0.036057692307692304 0.05048076923076923
1 0.47475961538461536 0.2668269230769231 0.038461538461538464 0.052884615384615384
1 0.5216346153846154 0.21754807692307693 0.019230769230769232 0.03365384615384615
1 0.4831730769230769 0.1875 0.021634615384615384 0.028846153846153848
2 0.3125 0.6682692307692307 0.08413461538461539 0.1778846153846154
2 0.25721153846153844 0.48677884615384615 0.09375 0.1201923076923077
2 0.5901442307692307 0.5793269230769231 0.0625 0.1346153846153846
2 0.7127403846153846 0.6862980769230769 0.04807692307692308 0.14182692307692307
2 0.47716346153846156 0.328125 0.021634615384615384 0.04326923076923077
2 0.49158653846153844 0.3016826923076923 0.019230769230769232 0.04807692307692308
3 0.08173076923076923 0.8617788461538461 0.16346153846153846 0.19471153846153846
3 0.7247596153846154 0.8713942307692307 0.18990384615384615 0.25240384615384615