1 0.22596153846153846 0.8978365384615384 0.1875 0.1466346153846154
3 0.38461538461538464 0.8990384615384616 0.19230769230769232 0.19471153846153846
3 0.6502403846153846 0.796875 0.1658653846153846 0.21153846153846154
3 0.22235576923076922 0.49158653846153844 0.18028846153846154 0.1346153846153846
3 0.390625 0.4879807692307692 0.18269230769230768 0.13942307692307693
3 0.6286057692307693 0.5540865384615384 0.17307692307692307 0.1466346153846154
3 0.8125 0.45552884615384615 0.14182692307692307 0.125
3 0.6298076923076923 0.4110576923076923 0.07932692307692307 0.0889423076923077
3 0.5540865384615384 0.3449519230769231 0.04807692307692308 0.06971153846153846
3 0.5588942307692307 0.29927884615384615 0.038461538461538464 0.06490384615384616
3 0.5012019230769231 0.28846153846153844 0.038461538461538464 0.05048076923076923
3 0.5552884615384616 0.24158653846153846 0.026442307692307692 0.040865384615384616
3 0.5168269230769231 0.20793269230769232 0.019230769230769232 0.02403846153846154
2 0.18028846153846154 0.7379807692307693 0.09134615384615384 0.18509615384615385
2 0.31490384615384615 0.7199519230769231 0.10096153846153846 0.20192307692307693
2 0.6045673076923077 0.6550480769230769 0.052884615384615384 0.13942307692307693
2 0.7475961538461539 0.7524038461538461 0.06009615384615385 0.15384615384615385
2 0.1658653846153846 0.5180288461538461 0.09615384615384616 0.13221153846153846
2 0.4891826923076923 0.3425480769230769 0.028846153846153848 0.0625
2 0.5144230769230769 0.328125 0.028846153846153848 0.06490384615384616
3 0.07692307692307693 0.875 0.15384615384615385 0.14423076923076922
3 0.7608173076923077 0.9002403846153846 0.21394230769230768 0.19471153846153846