1 0.3076923076923077 0.7584134615384616 0.16826923076923078 0.34134615384615385
1 0.4807692307692308 0.7776442307692307 0.17307692307692307 0.28846153846153844
1 0.6274038461538461 0.5480769230769231 0.14903846153846154 0.18990384615384615
1 0.34134615384615385 0.27524038461538464 0.1346153846153846 0.11778846153846154
1 0.6706730769230769 0.20552884615384615 0.07451923076923077 0.0673076923076923
1 0.5336538461538461 0.13942307692307693 0.04807692307692308 0.04807692307692308
1 0.421875 0.10096153846153846 0.038461538461538464 0.052884615384615384
1 0.9447115384615384 0.1875 0.036057692307692304 0.052884615384615384
2 0.5829326923076923 0.6334134615384616 0.06971153846153846 0.19230769230769232
2 0.33653846153846156 0.4831730769230769 0.057692307692307696 0.15144230769230768
2 0.4831730769230769 0.5372596153846154 0.0673076923076923 0.17548076923076922
2 0.5252403846153846 0.47475961538461536 0.057692307692307696 0.14423076923076922
2 0.5036057692307693 0.2848557692307692 0.040865384615384616 0.0985576923076923
3 0.984375 0.17307692307692307 0.026442307692307692 0.11538461538461539
3 0.578125 0.18629807692307693 0.07692307692307693 0.11298076923076923