1 0.4182692307692308 0.42427884615384615 0.12980769230769232 0.1658653846153846
1 0.40865384615384615 0.890625 0.21153846153846154 0.21634615384615385
1 0.17307692307692307 0.5432692307692307 0.14423076923076922 0.2283653846153846
1 0.08413461538461539 0.15865384615384615 0.10817307692307693 0.0985576923076923
1 0.037259615384615384 0.1935096153846154 0.052884615384615384 0.0985576923076923
1 0.421875 0.20432692307692307 0.18028846153846154 0.11298076923076923
1 0.33653846153846156 0.16947115384615385 0.10096153846153846 0.07932692307692307
1 0.23918269230769232 0.18870192307692307 0.13221153846153846 0.09615384615384616
1 0.25 0.016826923076923076 0.038461538461538464 0.03365384615384615
1 0.21394230769230768 0.015625 0.04807692307692308 0.03125
2 0.265625 0.453125 0.04326923076923077 0.17548076923076922