1 0.5817307692307693 0.7475961538461539 0.15865384615384615 0.29086538461538464
1 0.5384615384615384 0.9158653846153846 0.1875 0.16346153846153846
1 0.8449519230769231 0.8786057692307693 0.23798076923076922 0.23798076923076922
1 0.7908653846153846 0.6622596153846154 0.1466346153846154 0.2403846153846154
1 0.6790865384615384 0.5060096153846154 0.11778846153846154 0.1778846153846154
1 0.039663461538461536 0.2127403846153846 0.06971153846153846 0.10336538461538461
1 0.30649038461538464 0.2439903846153846 0.13221153846153846 0.10336538461538461
1 0.1045673076923077 0.1502403846153846 0.05048076923076923 0.0673076923076923
1 0.4879807692307692 0.05889423076923077 0.019230769230769232 0.038461538461538464
2 0.2127403846153846 0.7127403846153846 0.0625 0.25
2 0.43990384615384615 0.4795673076923077 0.055288461538461536 0.1778846153846154
2 0.8064903846153846 0.38221153846153844 0.0625 0.15144230769230768
2 0.859375 0.41225961538461536 0.04567307692307692 0.12740384615384615