1 0.23677884615384615 0.7572115384615384 0.17067307692307693 0.29086538461538464
1 0.6358173076923077 0.90625 0.23317307692307693 0.18269230769230768
1 0.8389423076923077 0.8822115384615384 0.18269230769230768 0.23076923076923078
1 0.6418269230769231 0.7331730769230769 0.17067307692307693 0.23076923076923078
1 0.14423076923076922 0.14423076923076922 0.08653846153846154 0.07451923076923077
1 0.3293269230769231 0.1201923076923077 0.04807692307692308 0.0625
1 0.3762019230769231 0.14903846153846154 0.0625 0.06009615384615385
1 0.46274038461538464 0.20072115384615385 0.07451923076923077 0.07692307692307693
1 0.5456730769230769 0.15264423076923078 0.040865384615384616 0.05048076923076923
1 0.5096153846153846 0.171875 0.04807692307692308 0.052884615384615384
1 0.5625 0.21394230769230768 0.07451923076923077 0.06490384615384616
1 0.625 0.24519230769230768 0.10576923076923077 0.08653846153846154
2 0.12139423076923077 0.5985576923076923 0.08173076923076923 0.2091346153846154
2 0.5384615384615384 0.7319711538461539 0.057692307692307696 0.21875
2 0.7487980769230769 0.6887019230769231 0.08413461538461539 0.18990384615384615
2 0.6009615384615384 0.4423076923076923 0.040865384615384616 0.14182692307692307
2 0.5084134615384616 0.203125 0.028846153846153848 0.06490384615384616
3 0.42788461538461536 0.15625 0.040865384615384616 0.09615384615384616
3 0.4375 0.7944711538461539 0.18269230769230768 0.40625