1 0.25961538461538464 0.8161057692307693 0.17307692307692307 0.23798076923076922
1 0.390625 0.8040865384615384 0.16826923076923078 0.2403846153846154
1 0.4362980769230769 0.9507211538461539 0.18028846153846154 0.09375
1 0.6129807692307693 0.65625 0.12740384615384615 0.17548076923076922
1 0.49038461538461536 0.45552884615384615 0.13701923076923078 0.11538461538461539
1 0.5456730769230769 0.4338942307692308 0.10096153846153846 0.11057692307692307
1 0.5444711538461539 0.3137019230769231 0.04807692307692308 0.06971153846153846
1 0.5408653846153846 0.2668269230769231 0.036057692307692304 0.04326923076923077
1 0.5072115384615384 0.23798076923076922 0.028846153846153848 0.04326923076923077
1 0.5516826923076923 0.23798076923076922 0.016826923076923076 0.028846153846153848
2 0.026442307692307692 0.8209134615384616 0.052884615384615384 0.20432692307692307
2 0.23557692307692307 0.6141826923076923 0.07451923076923077 0.15865384615384615
2 0.34615384615384615 0.6153846153846154 0.08173076923076923 0.16826923076923078
2 0.6105769230769231 0.53125 0.06490384615384616 0.11778846153846154
2 0.4831730769230769 0.2548076923076923 0.016826923076923076 0.040865384615384616
2 0.5120192307692307 0.2608173076923077 0.014423076923076924 0.03365384615384615
0 0.7608173076923077 0.46634615384615385 0.20673076923076922 0.24519230769230768
3 0.11057692307692307 0.8137019230769231 0.1875 0.2668269230769231
3 0.6862980769230769 0.8425480769230769 0.20432692307692307 0.31009615384615385