1 0.6826923076923077 0.6838942307692307 0.17067307692307693 0.2956730769230769
1 0.27163461538461536 0.8677884615384616 0.23076923076923078 0.25961538461538464
1 0.0889423076923077 0.8377403846153846 0.16346153846153846 0.31971153846153844
1 0.27283653846153844 0.6394230769230769 0.16105769230769232 0.22115384615384615
1 0.5540865384615384 0.24158653846153846 0.17067307692307693 0.13221153846153846
1 0.7980769230769231 0.06129807692307692 0.08653846153846154 0.06971153846153846
1 0.421875 0.12259615384615384 0.08413461538461539 0.07451923076923077
1 0.27884615384615385 0.1346153846153846 0.0889423076923077 0.07451923076923077
1 0.5829326923076923 0.057692307692307696 0.06490384615384616 0.06009615384615385
1 0.6117788461538461 0.030048076923076924 0.04567307692307692 0.057692307692307696
1 0.5216346153846154 0.07091346153846154 0.038461538461538464 0.06490384615384616
1 0.3786057692307692 0.021634615384615384 0.026442307692307692 0.036057692307692304
1 0.4326923076923077 0.08173076923076923 0.038461538461538464 0.055288461538461536
1 0.40865384615384615 0.0625 0.038461538461538464 0.04567307692307692
2 0.8209134615384616 0.5552884615384616 0.07932692307692307 0.22596153846153846
2 0.3798076923076923 0.6634615384615384 0.040865384615384616 0.1875
2 0.36177884615384615 0.5180288461538461 0.0985576923076923 0.17548076923076922
2 0.3449519230769231 0.38822115384615385 0.04567307692307692 0.15865384615384615
2 0.17067307692307693 0.6069711538461539 0.07211538461538461 0.21394230769230768
2 0.3293269230769231 0.13341346153846154 0.036057692307692304 0.06490384615384616
2 0.36778846153846156 0.1201923076923077 0.028846153846153848 0.07932692307692307
3 0.4831730769230769 0.08052884615384616 0.052884615384615384 0.10817307692307693
3 0.47475961538461536 0.7211538461538461 0.17067307692307693 0.4326923076923077