1 0.7319711538461539 0.7295673076923077 0.19471153846153846 0.31490384615384615
1 0.2776442307692308 0.7307692307692307 0.19951923076923078 0.25
1 0.28725961538461536 0.9110576923076923 0.2668269230769231 0.17307692307692307
1 0.1045673076923077 0.890625 0.14182692307692307 0.21394230769230768
1 0.7944711538461539 0.04807692307692308 0.0985576923076923 0.08413461538461539
1 0.7487980769230769 0.036057692307692304 0.09375 0.07211538461538461
1 0.5600961538461539 0.0673076923076923 0.07932692307692307 0.07451923076923077
1 0.5913461538461539 0.03485576923076923 0.04807692307692308 0.06971153846153846
1 0.49399038461538464 0.11177884615384616 0.06490384615384616 0.08413461538461539
1 0.18389423076923078 0.19110576923076922 0.07692307692307693 0.07692307692307693
1 0.36177884615384615 0.08052884615384616 0.05048076923076923 0.06009615384615385
1 0.41466346153846156 0.052884615384615384 0.040865384615384616 0.04326923076923077
2 0.9459134615384616 0.8317307692307693 0.10336538461538461 0.2403846153846154
2 0.8521634615384616 0.6646634615384616 0.09615384615384616 0.2668269230769231
2 0.6646634615384616 0.5444711538461539 0.12740384615384615 0.19471153846153846
2 0.3942307692307692 0.7379807692307693 0.07211538461538461 0.2644230769230769
2 0.15625 0.6935096153846154 0.0985576923076923 0.21875
3 0.28125 0.15985576923076922 0.11057692307692307 0.13221153846153846
3 0.5048076923076923 0.7728365384615384 0.23557692307692307 0.4495192307692308