1 0.2403846153846154 0.7908653846153846 0.21394230769230768 0.28846153846153844
1 0.40865384615384615 0.8521634615384616 0.2091346153846154 0.2932692307692308
1 0.65625 0.8245192307692307 0.18028846153846154 0.30288461538461536
1 0.8834134615384616 0.9146634615384616 0.22355769230769232 0.1658653846153846
1 0.8533653846153846 0.7283653846153846 0.16346153846153846 0.23076923076923078
1 0.703125 0.6394230769230769 0.13701923076923078 0.22355769230769232
1 0.45913461538461536 0.6526442307692307 0.13221153846153846 0.1875
1 0.33774038461538464 0.6045673076923077 0.1778846153846154 0.22596153846153846
1 0.5733173076923077 0.27884615384615385 0.17067307692307693 0.125
1 0.8930288461538461 0.2848557692307692 0.07692307692307693 0.10817307692307693
1 0.8569711538461539 0.16706730769230768 0.0889423076923077 0.08173076923076923
1 0.7379807692307693 0.22115384615384615 0.07211538461538461 0.09375
1 0.7091346153846154 0.14182692307692307 0.052884615384615384 0.06490384615384616
1 0.7091346153846154 0.036057692307692304 0.026442307692307692 0.036057692307692304
2 0.22115384615384615 0.8846153846153846 0.09134615384615384 0.22115384615384615
2 0.5649038461538461 0.5444711538461539 0.057692307692307696 0.18990384615384615
2 0.65625 0.5072115384615384 0.06490384615384616 0.18509615384615385
2 0.796875 0.46274038461538464 0.055288461538461536 0.15144230769230768
2 0.8149038461538461 0.5120192307692307 0.052884615384615384 0.18990384615384615
2 0.6983173076923077 0.1875 0.04326923076923077 0.08173076923076923
0 0.5504807692307693 0.1622596153846154 0.18028846153846154 0.13942307692307693