1 0.4170673076923077 0.8509615384615384 0.15865384615384615 0.2932692307692308
1 0.6298076923076923 0.8665865384615384 0.17307692307692307 0.2620192307692308
1 0.7728365384615384 0.6021634615384616 0.15384615384615385 0.21634615384615385
1 0.3858173076923077 0.3161057692307692 0.15144230769230768 0.12740384615384615
1 0.7740384615384616 0.18269230769230768 0.08413461538461539 0.07211538461538461
1 0.5973557692307693 0.12379807692307693 0.052884615384615384 0.052884615384615384
1 0.4579326923076923 0.09254807692307693 0.038461538461538464 0.0625
2 0.7319711538461539 0.7139423076923077 0.057692307692307696 0.2283653846153846
2 0.4110576923076923 0.5685096153846154 0.04807692307692308 0.1778846153846154
2 0.5961538461538461 0.6105769230769231 0.057692307692307696 0.20673076923076922
2 0.6370192307692307 0.53125 0.052884615384615384 0.16826923076923078
2 0.5829326923076923 0.30288461538461536 0.036057692307692304 0.11538461538461539
3 0.6610576923076923 0.17307692307692307 0.07932692307692307 0.12980769230769232