1 0.7271634615384616 0.6766826923076923 0.18028846153846154 0.28125
1 0.34615384615384615 0.8725961538461539 0.2403846153846154 0.25
1 0.15144230769230768 0.8533653846153846 0.20192307692307693 0.28846153846153844
1 0.33052884615384615 0.6730769230769231 0.18028846153846154 0.23076923076923078
1 0.7956730769230769 0.08173076923076923 0.08653846153846154 0.07211538461538461
1 0.48197115384615385 0.14903846153846154 0.07451923076923077 0.06971153846153846
1 0.6153846153846154 0.06610576923076923 0.04807692307692308 0.0625
1 0.5697115384615384 0.09615384615384616 0.0673076923076923 0.06971153846153846
1 0.30649038461538464 0.20192307692307693 0.11057692307692307 0.09134615384615384
1 0.38341346153846156 0.16466346153846154 0.07692307692307693 0.07451923076923077
1 0.40625 0.1045673076923077 0.038461538461538464 0.04807692307692308
1 0.4423076923076923 0.12259615384615384 0.040865384615384616 0.052884615384615384
2 0.8365384615384616 0.5276442307692307 0.09134615384615384 0.21394230769230768
2 0.43509615384615385 0.6706730769230769 0.057692307692307696 0.21634615384615385
2 0.36538461538461536 0.3918269230769231 0.04807692307692308 0.14423076923076922
2 0.22956730769230768 0.6394230769230769 0.08173076923076923 0.20673076923076922
2 0.43149038461538464 0.15985576923076922 0.03125 0.06009615384615385
3 0.5360576923076923 0.7403846153846154 0.19230769230769232 0.43028846153846156
3 0.5204326923076923 0.10817307692307693 0.05048076923076923 0.10096153846153846