1 0.28846153846153844 0.8112980769230769 0.3076923076923077 0.37259615384615385
1 0.5084134615384616 0.8329326923076923 0.3004807692307692 0.3293269230769231
1 0.8004807692307693 0.7584134615384616 0.27163461538461536 0.39903846153846156
1 0.9723557692307693 0.8329326923076923 0.05048076923076923 0.19471153846153846
1 0.9519230769230769 0.6141826923076923 0.09134615384615384 0.2860576923076923
1 0.8149038461538461 0.5336538461538461 0.20192307692307693 0.2932692307692308
1 0.5288461538461539 0.6081730769230769 0.18990384615384615 0.2548076923076923
1 0.36658653846153844 0.5649038461538461 0.25240384615384615 0.2932692307692308
2 0.28966346153846156 0.9014423076923077 0.14182692307692307 0.19230769230769232
2 0.7019230769230769 0.36177884615384615 0.10817307692307693 0.20673076923076922
2 0.7740384615384616 0.3245192307692308 0.0985576923076923 0.1658653846153846
2 0.9338942307692307 0.3557692307692308 0.09615384615384616 0.23557692307692307
2 0.8894230769230769 0.29927884615384615 0.08173076923076923 0.1971153846153846
1 0.5841346153846154 0.14302884615384615 0.10336538461538461 0.12740384615384615
0 0.5348557692307693 0.025240384615384616 0.21875 0.05048076923076923
0 0.7752403846153846 0.11778846153846154 0.3581730769230769 0.23557692307692307