1 0.78125 0.6141826923076923 0.15144230769230768 0.21153846153846154
1 0.65625 0.6298076923076923 0.12259615384615384 0.28365384615384615
1 0.6165865384615384 0.4987980769230769 0.10817307692307693 0.1658653846153846
1 0.41586538461538464 0.6201923076923077 0.10817307692307693 0.21394230769230768
1 0.4651442307692308 0.9242788461538461 0.2091346153846154 0.1466346153846154
1 0.28125 0.8533653846153846 0.25 0.28846153846153844
1 0.46634615384615385 0.46274038461538464 0.08413461538461539 0.11057692307692307
1 0.3557692307692308 0.4567307692307692 0.09615384615384616 0.1346153846153846
1 0.32091346153846156 0.3125 0.07692307692307693 0.09375
1 0.4362980769230769 0.22115384615384615 0.06490384615384616 0.06971153846153846
1 0.11778846153846154 0.2704326923076923 0.08413461538461539 0.06971153846153846
2 0.33774038461538464 0.5721153846153846 0.055288461538461536 0.18990384615384615
2 0.18028846153846154 0.7704326923076923 0.08173076923076923 0.2283653846153846
2 0.5961538461538461 0.15625 0.014423076923076924 0.04567307692307692
2 0.0733173076923077 0.2704326923076923 0.026442307692307692 0.07211538461538461
0 0.10336538461538461 0.17908653846153846 0.055288461538461536 0.08413461538461539
3 0.5048076923076923 0.6850961538461539 0.16346153846153846 0.3581730769230769