1 0.6538461538461539 0.8653846153846154 0.15625 0.22596153846153846
1 0.5336538461538461 0.8161057692307693 0.15144230769230768 0.23076923076923078
1 0.45552884615384615 0.9615384615384616 0.17548076923076922 0.07211538461538461
1 0.34975961538461536 0.6201923076923077 0.10817307692307693 0.16105769230769232
1 0.5576923076923077 0.46033653846153844 0.13942307692307693 0.10576923076923077
1 0.5180288461538461 0.42908653846153844 0.0985576923076923 0.10336538461538461
1 0.49399038461538464 0.30288461538461536 0.04567307692307692 0.0625
1 0.5132211538461539 0.2824519230769231 0.03365384615384615 0.04326923076923077
1 0.546875 0.23798076923076922 0.021634615384615384 0.03365384615384615
1 0.5024038461538461 0.23076923076923078 0.021634615384615384 0.03365384615384615
2 0.8978365384615384 0.9074519230769231 0.055288461538461536 0.18028846153846154
2 0.6165865384615384 0.6502403846153846 0.06490384615384616 0.15865384615384615
2 0.7271634615384616 0.6814903846153846 0.057692307692307696 0.14903846153846154
2 0.3798076923076923 0.5048076923076923 0.06009615384615385 0.11778846153846154
2 0.5637019230769231 0.25961538461538464 0.009615384615384616 0.036057692307692304
2 0.5384615384615384 0.25721153846153844 0.016826923076923076 0.03125
0 0.26322115384615385 0.40625 0.22115384615384615 0.23557692307692307
3 0.8064903846153846 0.8846153846153846 0.17067307692307693 0.22596153846153846
3 0.22596153846153846 0.8100961538461539 0.1658653846153846 0.3485576923076923