1 0.9014423076923077 0.23317307692307693 0.13942307692307693 0.10096153846153846
1 0.9771634615384616 0.16105769230769232 0.040865384615384616 0.07211538461538461
1 0.9086538461538461 0.14783653846153846 0.04807692307692308 0.06490384615384616
1 0.875 0.13942307692307693 0.040865384615384616 0.0625
1 0.4230769230769231 0.6935096153846154 0.15384615384615385 0.27163461538461536
1 0.5444711538461539 0.037259615384615384 0.019230769230769232 0.036057692307692304
1 0.34615384615384615 0.4639423076923077 0.11538461538461539 0.17307692307692307
1 0.22716346153846154 0.6069711538461539 0.14182692307692307 0.22596153846153846
1 0.45913461538461536 0.8810096153846154 0.17548076923076922 0.23557692307692307
1 0.16466346153846154 0.8413461538461539 0.22355769230769232 0.2956730769230769
2 0.7644230769230769 0.6454326923076923 0.0625 0.23557692307692307
2 0.41225961538461536 0.37740384615384615 0.06490384615384616 0.14903846153846154
2 0.17427884615384615 0.36538461538461536 0.040865384615384616 0.1201923076923077