1 0.6850961538461539 0.7211538461538461 0.21153846153846154 0.3245192307692308
1 0.20673076923076922 0.8353365384615384 0.2764423076923077 0.28365384615384615
1 0.06009615384615385 0.7752403846153846 0.1201923076923077 0.3389423076923077
1 0.2536057692307692 0.6057692307692307 0.20192307692307693 0.25721153846153844
1 0.5252403846153846 0.22956730769230768 0.23557692307692307 0.15384615384615385
1 0.921875 0.09134615384615384 0.10336538461538461 0.08413461538461539
1 0.7668269230769231 0.056490384615384616 0.08653846153846154 0.06009615384615385
1 0.37740384615384615 0.09254807692307693 0.12259615384615384 0.0985576923076923
1 0.3918269230769231 0.05048076923076923 0.10576923076923077 0.07211538461538461
1 0.7235576923076923 0.038461538461538464 0.05048076923076923 0.028846153846153848
1 0.6322115384615384 0.057692307692307696 0.05048076923076923 0.07932692307692307
1 0.6502403846153846 0.039663461538461536 0.057692307692307696 0.052884615384615384
1 0.484375 0.010817307692307692 0.04567307692307692 0.021634615384615384
2 0.8930288461538461 0.75 0.11778846153846154 0.27884615384615385
2 0.7199519230769231 0.53125 0.10336538461538461 0.12259615384615384
2 0.48677884615384615 0.4254807692307692 0.0985576923076923 0.16346153846153846
2 0.3629807692307692 0.6298076923076923 0.07451923076923077 0.2403846153846154
2 0.1466346153846154 0.5396634615384616 0.0985576923076923 0.22115384615384615
2 0.609375 0.025240384615384616 0.019230769230769232 0.028846153846153848
2 0.5588942307692307 0.02403846153846154 0.026442307692307692 0.04326923076923077
3 0.45552884615384615 0.7283653846153846 0.23317307692307693 0.4735576923076923
3 0.5024038461538461 0.06129807692307692 0.08653846153846154 0.12259615384615384