1 0.7632211538461539 0.71875 0.17307692307692307 0.2764423076923077
1 0.39783653846153844 0.890625 0.22355769230769232 0.21394230769230768
1 0.20793269230769232 0.8725961538461539 0.18509615384615385 0.25
1 0.38461538461538464 0.7127403846153846 0.16826923076923078 0.22355769230769232
1 0.8257211538461539 0.14423076923076922 0.08653846153846154 0.07451923076923077
1 0.65625 0.12860576923076922 0.04567307692307692 0.06490384615384616
1 0.5757211538461539 0.18028846153846154 0.052884615384615384 0.057692307692307696
1 0.5264423076923077 0.20072115384615385 0.07692307692307693 0.07211538461538461
1 0.46875 0.24158653846153846 0.0985576923076923 0.08173076923076923
1 0.3786057692307692 0.234375 0.07932692307692307 0.07211538461538461
1 0.48197115384615385 0.19471153846153846 0.05048076923076923 0.040865384615384616
1 0.32572115384615385 0.36899038461538464 0.06490384615384616 0.125
2 0.8665865384615384 0.5685096153846154 0.08413461538461539 0.19951923076923078
2 0.48197115384615385 0.71875 0.0625 0.22115384615384615
2 0.3088942307692308 0.5877403846153846 0.0673076923076923 0.17548076923076922
2 0.2800480769230769 0.6814903846153846 0.07211538461538461 0.18990384615384615
2 0.078125 0.9567307692307693 0.06971153846153846 0.08173076923076923
2 0.3605769230769231 0.25721153846153844 0.04567307692307692 0.0673076923076923
3 0.5793269230769231 0.7764423076923077 0.18269230769230768 0.4206730769230769
3 0.5444711538461539 0.14543269230769232 0.04326923076923077 0.06490384615384616