1 0.515625 0.8629807692307693 0.18509615384615385 0.2692307692307692
1 0.3269230769230769 0.796875 0.1658653846153846 0.3605769230769231
1 0.6466346153846154 0.5564903846153846 0.13701923076923078 0.18509615384615385
1 0.8052884615384616 0.33774038461538464 0.1346153846153846 0.11778846153846154
1 0.953125 0.2704326923076923 0.0889423076923077 0.0985576923076923
1 0.42427884615384615 0.1141826923076923 0.04567307692307692 0.057692307692307696
2 0.18990384615384615 0.8221153846153846 0.07451923076923077 0.28125
2 0.2439903846153846 0.5925480769230769 0.06971153846153846 0.1875
2 0.18269230769230768 0.27884615384615385 0.07451923076923077 0.10096153846153846
2 0.5360576923076923 0.4879807692307692 0.057692307692307696 0.16826923076923078
2 0.5829326923076923 0.6971153846153846 0.06971153846153846 0.20432692307692307
2 0.7271634615384616 0.8317307692307693 0.08653846153846154 0.2644230769230769
3 0.4639423076923077 0.3076923076923077 0.20432692307692307 0.18990384615384615
3 0.7451923076923077 0.22956730769230768 0.10096153846153846 0.12740384615384615