1 0.65625 0.8966346153846154 0.1778846153846154 0.20192307692307693
1 0.5276442307692307 0.8617788461538461 0.17307692307692307 0.25961538461538464
1 0.4338942307692308 0.9747596153846154 0.18028846153846154 0.04567307692307692
1 0.35096153846153844 0.6394230769230769 0.13701923076923078 0.18028846153846154
1 0.6490384615384616 0.4951923076923077 0.15144230769230768 0.11538461538461539
1 0.41947115384615385 0.3425480769230769 0.10576923076923077 0.09134615384615384
1 0.6033653846153846 0.2692307692307692 0.028846153846153848 0.040865384615384616
1 0.5492788461538461 0.3004807692307692 0.03365384615384615 0.05048076923076923
1 0.5216346153846154 0.3329326923076923 0.052884615384615384 0.0673076923076923
1 0.5552884615384616 0.25961538461538464 0.028846153846153848 0.036057692307692304
1 0.6141826923076923 0.20552884615384615 0.016826923076923076 0.026442307692307692
1 0.5709134615384616 0.21754807692307693 0.016826923076923076 0.02403846153846154
2 0.9038461538461539 0.9483173076923077 0.07211538461538461 0.0985576923076923
2 0.7451923076923077 0.7259615384615384 0.07692307692307693 0.1658653846153846
2 0.6370192307692307 0.6838942307692307 0.08173076923076923 0.17307692307692307
2 0.41466346153846156 0.5276442307692307 0.052884615384615384 0.11778846153846154
2 0.4026442307692308 0.5012019230769231 0.06009615384615385 0.11057692307692307
2 0.27283653846153844 0.5901442307692307 0.055288461538461536 0.12740384615384615
2 0.6201923076923077 0.31009615384615385 0.02403846153846154 0.057692307692307696
2 0.5829326923076923 0.2980769230769231 0.02403846153846154 0.05048076923076923
3 0.8137019230769231 0.9122596153846154 0.19471153846153846 0.17067307692307693
3 0.21033653846153846 0.8016826923076923 0.20432692307692307 0.3293269230769231