1 0.20072115384615385 0.8317307692307693 0.1778846153846154 0.25721153846153844
1 0.34615384615384615 0.8125 0.17307692307692307 0.2668269230769231
1 0.4026442307692308 0.9639423076923077 0.18990384615384615 0.0673076923076923
1 0.5877403846153846 0.6454326923076923 0.13942307692307693 0.18269230769230768
1 0.33653846153846156 0.41225961538461536 0.15384615384615385 0.11778846153846154
1 0.6105769230769231 0.33052884615384615 0.10817307692307693 0.09375
1 0.4495192307692308 0.203125 0.028846153846153848 0.04326923076923077
1 0.49399038461538464 0.25 0.036057692307692304 0.05048076923076923
1 0.5120192307692307 0.29086538461538464 0.055288461538461536 0.06971153846153846
1 0.5012019230769231 0.20793269230769232 0.028846153846153848 0.038461538461538464
1 0.46033653846153844 0.13701923076923078 0.016826923076923076 0.026442307692307692
1 0.49759615384615385 0.1622596153846154 0.016826923076923076 0.02403846153846154
2 0.17067307692307693 0.6117788461538461 0.07692307692307693 0.17067307692307693
2 0.2920673076923077 0.6033653846153846 0.08413461538461539 0.1778846153846154
2 0.5600961538461539 0.515625 0.052884615384615384 0.12259615384615384
2 0.5793269230769231 0.49278846153846156 0.0625 0.11538461538461539
2 0.6802884615384616 0.6213942307692307 0.055288461538461536 0.13221153846153846
2 0.421875 0.23798076923076922 0.02403846153846154 0.06009615384615385
2 0.46153846153846156 0.23677884615384615 0.02403846153846154 0.05048076923076923
3 0.06850961538461539 0.8185096153846154 0.13701923076923078 0.2620192307692308
3 0.6778846153846154 0.8377403846153846 0.21153846153846154 0.31971153846153844