1 0.23076923076923078 0.7788461538461539 0.23076923076923078 0.31009615384615385
1 0.41947115384615385 0.8389423076923077 0.23317307692307693 0.3173076923076923
1 0.6911057692307693 0.7992788461538461 0.1971153846153846 0.33653846153846156
1 0.90625 0.8942307692307693 0.18269230769230768 0.1971153846153846
1 0.9026442307692307 0.6826923076923077 0.18269230769230768 0.25240384615384615
1 0.7271634615384616 0.5913461538461539 0.14903846153846154 0.24519230769230768
1 0.4699519230769231 0.6225961538461539 0.14182692307692307 0.20673076923076922
1 0.33413461538461536 0.5685096153846154 0.18990384615384615 0.24278846153846154
1 0.6778846153846154 0.1971153846153846 0.18990384615384615 0.13942307692307693
1 0.7692307692307693 0.13581730769230768 0.0625 0.10576923076923077
1 0.7331730769230769 0.057692307692307696 0.07211538461538461 0.07211538461538461
2 0.21634615384615385 0.8786057692307693 0.09615384615384616 0.23798076923076922
2 0.5745192307692307 0.5240384615384616 0.06009615384615385 0.21394230769230768
2 0.6586538461538461 0.4699519230769231 0.07451923076923077 0.20432692307692307
2 0.8269230769230769 0.4014423076923077 0.04807692307692308 0.1778846153846154
2 0.8509615384615384 0.4483173076923077 0.07451923076923077 0.19471153846153846
2 0.7115384615384616 0.09254807692307693 0.04326923076923077 0.07451923076923077
2 0.5949519230769231 0.16947115384615385 0.05048076923076923 0.07692307692307693
0 0.546875 0.07932692307692307 0.19951923076923078 0.15144230769230768