1 0.28966346153846156 0.7223557692307693 0.13942307692307693 0.25
1 0.20432692307692307 0.3269230769230769 0.17067307692307693 0.10576923076923077
1 0.6586538461538461 0.8810096153846154 0.19471153846153846 0.23557692307692307
1 0.6490384615384616 0.6814903846153846 0.14423076923076922 0.1971153846153846
1 0.8365384615384616 0.8341346153846154 0.15384615384615385 0.2548076923076923
1 0.5949519230769231 0.3401442307692308 0.14423076923076922 0.10096153846153846
1 0.17067307692307693 0.1814903846153846 0.07211538461538461 0.06009615384615385
1 0.3425480769230769 0.17067307692307693 0.057692307692307696 0.04807692307692308
1 0.3317307692307692 0.13942307692307693 0.036057692307692304 0.03125
1 0.40625 0.1875 0.028846153846153848 0.052884615384615384
1 0.5396634615384616 0.23197115384615385 0.07932692307692307 0.06490384615384616
1 0.5492788461538461 0.20432692307692307 0.0673076923076923 0.04807692307692308
1 0.6658653846153846 0.23317307692307693 0.0625 0.052884615384615384
1 0.5396634615384616 0.15264423076923078 0.028846153846153848 0.038461538461538464
1 0.5192307692307693 0.1346153846153846 0.019230769230769232 0.03365384615384615
2 0.140625 0.6526442307692307 0.057692307692307696 0.20192307692307693
2 0.44350961538461536 0.5372596153846154 0.09134615384615384 0.08653846153846154
2 0.5516826923076923 0.4807692307692308 0.038461538461538464 0.13942307692307693
2 0.5576923076923077 0.6838942307692307 0.03365384615384615 0.19230769230769232
2 0.7367788461538461 0.6322115384615384 0.055288461538461536 0.17307692307692307
2 0.6538461538461539 0.2403846153846154 0.038461538461538464 0.0625
2 0.6069711538461539 0.23197115384615385 0.03365384615384615 0.0625
3 0.46634615384615385 0.19591346153846154 0.05048076923076923 0.09615384615384616
3 0.4699519230769231 0.7572115384615384 0.13942307692307693 0.3894230769230769