1 0.8377403846153846 0.7836538461538461 0.23557692307692307 0.28846153846153844
1 0.6706730769230769 0.5408653846153846 0.14903846153846154 0.18028846153846154
1 0.6394230769230769 0.7740384615384616 0.18990384615384615 0.40625
1 0.4387019230769231 0.48197115384615385 0.14182692307692307 0.1466346153846154
1 0.33774038461538464 0.6466346153846154 0.1658653846153846 0.27163461538461536
1 0.1310096153846154 0.8617788461538461 0.2620192307692308 0.21875
1 0.3401442307692308 0.4387019230769231 0.13942307692307693 0.1778846153846154
1 0.47716346153846156 0.25841346153846156 0.10096153846153846 0.12259615384615384
1 0.39783653846153844 0.09615384615384616 0.07451923076923077 0.06971153846153846
1 0.3076923076923077 0.15144230769230768 0.07451923076923077 0.08173076923076923
1 0.109375 0.1658653846153846 0.09134615384615384 0.10336538461538461
1 0.15504807692307693 0.018028846153846152 0.06490384615384616 0.036057692307692304
2 0.25 0.5612980769230769 0.07211538461538461 0.2403846153846154
2 0.6694711538461539 0.11057692307692307 0.021634615384615384 0.057692307692307696
2 0.7223557692307693 0.10216346153846154 0.026442307692307692 0.0673076923076923
0 0.13701923076923078 0.08413461538461539 0.18990384615384615 0.15625
3 0.4387019230769231 0.7608173076923077 0.23076923076923078 0.4735576923076923