1 0.23317307692307693 0.8581730769230769 0.17307692307692307 0.2548076923076923
1 0.3786057692307692 0.8149038461538461 0.17307692307692307 0.27884615384615385
1 0.4675480769230769 0.9615384615384616 0.19951923076923078 0.07211538461538461
1 0.5949519230769231 0.5817307692307693 0.12740384615384615 0.18269230769230768
1 0.7055288461538461 0.3641826923076923 0.17548076923076922 0.11538461538461539
1 0.6334134615384616 0.3245192307692308 0.1201923076923077 0.12980769230769232
1 0.41225961538461536 0.16826923076923078 0.040865384615384616 0.0673076923076923
1 0.3894230769230769 0.15865384615384615 0.02403846153846154 0.036057692307692304
1 0.3581730769230769 0.11658653846153846 0.019230769230769232 0.03365384615384615
1 0.4098557692307692 0.10216346153846154 0.016826923076923076 0.03125
2 0.140625 0.6358173076923077 0.04807692307692308 0.1658653846153846
2 0.2800480769230769 0.609375 0.07451923076923077 0.18269230769230768
2 0.5552884615384616 0.4326923076923077 0.06971153846153846 0.125
2 0.3557692307692308 0.13581730769230768 0.01201923076923077 0.038461538461538464
2 0.36899038461538464 0.13341346153846154 0.016826923076923076 0.03125
0 0.40865384615384615 0.33413461538461536 0.35096153846153844 0.28365384615384615
3 0.08173076923076923 0.8725961538461539 0.13942307692307693 0.25
3 0.7331730769230769 0.7980769230769231 0.1971153846153846 0.3798076923076923