1 0.53125 0.7848557692307693 0.20192307692307693 0.3269230769230769
1 0.47115384615384615 0.9314903846153846 0.22115384615384615 0.13221153846153846
1 0.22956730769230768 0.20192307692307693 0.15865384615384615 0.12740384615384615
1 0.09975961538461539 0.0733173076923077 0.052884615384615384 0.06971153846153846
1 0.0673076923076923 0.0829326923076923 0.06009615384615385 0.07451923076923077
1 0.6610576923076923 0.5348557692307693 0.14903846153846154 0.20432692307692307
1 0.7740384615384616 0.7127403846153846 0.18028846153846154 0.27403846153846156
1 0.8185096153846154 0.9074519230769231 0.28125 0.18028846153846154
2 0.13221153846153846 0.6959134615384616 0.08653846153846154 0.2692307692307692
2 0.43990384615384615 0.46634615384615385 0.07692307692307693 0.18990384615384615
2 0.8353365384615384 0.4026442307692308 0.0673076923076923 0.17548076923076922
2 0.8737980769230769 0.44471153846153844 0.052884615384615384 0.1466346153846154