1 0.7944711538461539 0.7572115384615384 0.2692307692307692 0.3317307692307692
1 0.6237980769230769 0.8377403846153846 0.25961538461538464 0.31971153846153844
1 0.3629807692307692 0.84375 0.24519230769230768 0.3076923076923077
1 0.16706730769230768 0.9435096153846154 0.19951923076923078 0.10817307692307693
1 0.13581730769230768 0.7908653846153846 0.20432692307692307 0.25961538461538464
1 0.2860576923076923 0.6802884615384616 0.18028846153846154 0.2668269230769231
1 0.5420673076923077 0.6538461538461539 0.16826923076923078 0.21875
1 0.6586538461538461 0.5757211538461539 0.21634615384615385 0.2548076923076923
2 0.8269230769230769 0.8449519230769231 0.1201923076923077 0.21394230769230768
2 0.3449519230769231 0.5072115384615384 0.08653846153846154 0.1875
2 0.265625 0.49399038461538464 0.09615384615384616 0.14903846153846154
2 0.14302884615384615 0.5612980769230769 0.08653846153846154 0.1971153846153846
2 0.15745192307692307 0.5072115384615384 0.07692307692307693 0.17067307692307693
1 0.20072115384615385 0.125 0.052884615384615384 0.052884615384615384
0 0.36177884615384615 0.13701923076923078 0.20192307692307693 0.16105769230769232
0 0.15264423076923078 0.28125 0.30528846153846156 0.35096153846153844