1 0.6706730769230769 0.8461538461538461 0.13942307692307693 0.21875
1 0.546875 0.8112980769230769 0.1346153846153846 0.2403846153846154
1 0.4699519230769231 0.9603365384615384 0.1778846153846154 0.07451923076923077
1 0.3485576923076923 0.6153846153846154 0.10336538461538461 0.14182692307692307
1 0.28125 0.4387019230769231 0.12740384615384615 0.09134615384615384
1 0.20432692307692307 0.40024038461538464 0.09615384615384616 0.07692307692307693
1 0.4483173076923077 0.3088942307692308 0.057692307692307696 0.0673076923076923
1 0.4879807692307692 0.28365384615384615 0.03365384615384615 0.04807692307692308
1 0.5276442307692307 0.2283653846153846 0.019230769230769232 0.038461538461538464
1 0.48197115384615385 0.21995192307692307 0.02403846153846154 0.03365384615384615
2 0.9206730769230769 0.890625 0.038461538461538464 0.20673076923076922
2 0.7355769230769231 0.6538461538461539 0.052884615384615384 0.14903846153846154
2 0.6237980769230769 0.625 0.0625 0.16346153846153846
2 0.37259615384615385 0.4879807692307692 0.04807692307692308 0.10576923076923077
2 0.265625 0.5853365384615384 0.03365384615384615 0.12980769230769232
2 0.5504807692307693 0.2512019230769231 0.014423076923076924 0.04326923076923077
2 0.5168269230769231 0.24879807692307693 0.009615384615384616 0.04326923076923077
3 0.8245192307692307 0.8725961538461539 0.15384615384615385 0.25
3 0.23076923076923078 0.828125 0.14423076923076922 0.34134615384615385