1 0.6129807692307693 0.8629807692307693 0.18990384615384615 0.25240384615384615
1 0.4855769230769231 0.8004807692307693 0.1875 0.25961538461538464
1 0.38341346153846156 0.9423076923076923 0.18990384615384615 0.11057692307692307
1 0.27884615384615385 0.6274038461538461 0.14903846153846154 0.20432692307692307
1 0.7319711538461539 0.43028846153846156 0.1466346153846154 0.11778846153846154
1 0.4411057692307692 0.40384615384615385 0.1778846153846154 0.12740384615384615
1 0.29086538461538464 0.3605769230769231 0.1658653846153846 0.11778846153846154
1 0.4675480769230769 0.2692307692307692 0.06971153846153846 0.07692307692307693
1 0.5637019230769231 0.22235576923076922 0.038461538461538464 0.05048076923076923
1 0.5108173076923077 0.22596153846153846 0.040865384615384616 0.057692307692307696
1 0.5384615384615384 0.16706730769230768 0.026442307692307692 0.04326923076923077
2 0.8629807692307693 0.921875 0.07211538461538461 0.15144230769230768
2 0.7127403846153846 0.6682692307692307 0.08413461538461539 0.16346153846153846
2 0.5985576923076923 0.625 0.09375 0.18028846153846154
2 0.7788461538461539 0.4699519230769231 0.08413461538461539 0.11057692307692307
2 0.5 0.4362980769230769 0.09375 0.12980769230769232
2 0.36658653846153844 0.4807692307692308 0.055288461538461536 0.11298076923076923
2 0.5324519230769231 0.25240384615384615 0.028846153846153848 0.06490384615384616
2 0.4831730769230769 0.28125 0.03125 0.0673076923076923
3 0.7680288461538461 0.8834134615384616 0.2091346153846154 0.2283653846153846
3 0.15985576923076922 0.7391826923076923 0.21394230769230768 0.36538461538461536