1 0.19591346153846154 0.7608173076923077 0.17548076923076922 0.41586538461538464
1 0.42908653846153844 0.8509615384615384 0.20192307692307693 0.2932692307692308
1 0.5516826923076923 0.44591346153846156 0.14903846153846154 0.21153846153846154
1 0.9651442307692307 0.10817307692307693 0.0673076923076923 0.11057692307692307
1 0.4266826923076923 0.008413461538461538 0.0673076923076923 0.016826923076923076
1 0.5504807692307693 0.036057692307692304 0.09134615384615384 0.0625
2 0.03485576923076923 0.8665865384615384 0.06971153846153846 0.2644230769230769
2 0.04326923076923077 0.5805288461538461 0.057692307692307696 0.2403846153846154
2 0.1502403846153846 0.17427884615384615 0.07451923076923077 0.11538461538461539
2 0.41225961538461536 0.38822115384615385 0.052884615384615384 0.1971153846153846
2 0.5228365384615384 0.6995192307692307 0.07692307692307693 0.28365384615384615
2 0.7319711538461539 0.8497596153846154 0.09615384615384616 0.2980769230769231
2 0.265625 0.08173076923076923 0.03125 0.10576923076923077
3 0.5012019230769231 0.18028846153846154 0.23798076923076922 0.21634615384615385