1 0.6850961538461539 0.9014423076923077 0.17548076923076922 0.18028846153846154
1 0.5444711538461539 0.8834134615384616 0.17548076923076922 0.2283653846153846
1 0.31009615384615385 0.6983173076923077 0.12259615384615384 0.18509615384615385
1 0.5288461538461539 0.49399038461538464 0.15865384615384615 0.1201923076923077
1 0.4795673076923077 0.46153846153846156 0.11298076923076923 0.1201923076923077
1 0.4375 0.32211538461538464 0.052884615384615384 0.07211538461538461
1 0.4579326923076923 0.2980769230769231 0.038461538461538464 0.04807692307692308
1 0.49158653846153844 0.24158653846153846 0.02403846153846154 0.038461538461538464
1 0.4387019230769231 0.23798076923076922 0.02403846153846154 0.036057692307692304
2 0.96875 0.9170673076923077 0.052884615384615384 0.11538461538461539
2 0.6177884615384616 0.7019230769230769 0.07451923076923077 0.18269230769230768
2 0.7487980769230769 0.7235576923076923 0.06490384615384616 0.17067307692307693
2 0.3329326923076923 0.5637019230769231 0.06971153846153846 0.1346153846153846
2 0.5120192307692307 0.2644230769230769 0.01201923076923077 0.040865384615384616
2 0.48197115384615385 0.2668269230769231 0.019230769230769232 0.036057692307692304
0 0.1875 0.4675480769230769 0.25240384615384615 0.27163461538461536
3 0.8629807692307693 0.9002403846153846 0.18509615384615385 0.16826923076923078
3 0.18990384615384615 0.8653846153846154 0.1875 0.2644230769230769