1 0.4170673076923077 0.8653846153846154 0.21394230769230768 0.2644230769230769
1 0.5588942307692307 0.8088942307692307 0.20673076923076922 0.2932692307692308
1 0.671875 0.9471153846153846 0.21153846153846154 0.0889423076923077
1 0.7548076923076923 0.5480769230769231 0.15625 0.21394230769230768
1 0.5288461538461539 0.36778846153846156 0.16826923076923078 0.14182692307692307
1 0.5841346153846154 0.32091346153846156 0.125 0.1346153846153846
1 0.5336538461538461 0.18269230769230768 0.06009615384615385 0.08413461538461539
1 0.5084134615384616 0.1310096153846154 0.04326923076923077 0.052884615384615384
1 0.4579326923076923 0.11177884615384616 0.03365384615384615 0.052884615384615384
1 0.5108173076923077 0.09375 0.021634615384615384 0.036057692307692304
2 0.12860576923076922 0.9302884615384616 0.0889423076923077 0.1346153846153846
2 0.30408653846153844 0.65625 0.0889423076923077 0.19230769230769232
2 0.43149038461538464 0.6117788461538461 0.10096153846153846 0.20432692307692307
2 0.6995192307692307 0.40625 0.07932692307692307 0.14182692307692307
2 0.4387019230769231 0.14182692307692307 0.021634615384615384 0.052884615384615384
2 0.4723557692307692 0.13581730769230768 0.019230769230769232 0.04326923076923077
0 0.8449519230769231 0.26802884615384615 0.25240384615384615 0.2980769230769231
3 0.2403846153846154 0.8858173076923077 0.22596153846153846 0.22355769230769232
3 0.8990384615384616 0.7403846153846154 0.1971153846153846 0.40384615384615385