1 0.18389423076923078 0.8774038461538461 0.2668269230769231 0.2403846153846154
1 0.37740384615384615 0.6706730769230769 0.15384615384615385 0.23798076923076922
1 0.40625 0.8461538461538461 0.19230769230769232 0.30288461538461536
1 0.640625 0.5949519230769231 0.16346153846153846 0.1778846153846154
1 0.7247596153846154 0.7439903846153846 0.18269230769230768 0.2956730769230769
1 0.7247596153846154 0.5288461538461539 0.14423076923076922 0.19471153846153846
1 0.5288461538461539 0.3557692307692308 0.0985576923076923 0.13701923076923078
1 0.6983173076923077 0.23798076923076922 0.08653846153846154 0.08413461538461539
1 0.8581730769230769 0.2704326923076923 0.0985576923076923 0.10336538461538461
1 0.7139423076923077 0.1502403846153846 0.07211538461538461 0.06490384615384616
2 0.8209134615384616 0.6454326923076923 0.06971153846153846 0.23557692307692307
2 0.40024038461538464 0.1814903846153846 0.02403846153846154 0.06009615384615385
2 0.6911057692307693 0.25841346153846156 0.038461538461538464 0.09134615384615384
0 0.8641826923076923 0.17067307692307693 0.22115384615384615 0.1778846153846154
3 0.6322115384615384 0.8293269230769231 0.23557692307692307 0.33413461538461536