1 0.8365384615384616 0.765625 0.25961538461538464 0.34615384615384615
1 0.640625 0.8389423076923077 0.2620192307692308 0.3173076923076923
1 0.34134615384615385 0.8173076923076923 0.22355769230769232 0.3557692307692308
1 0.1141826923076923 0.9146634615384616 0.19471153846153846 0.1658653846153846
1 0.1045673076923077 0.7115384615384616 0.19951923076923078 0.27403846153846156
1 0.2824519230769231 0.609375 0.16826923076923078 0.2764423076923077
1 0.5721153846153846 0.6346153846153846 0.16346153846153846 0.27403846153846156
1 0.7091346153846154 0.546875 0.2091346153846154 0.2668269230769231
1 0.14903846153846154 0.18870192307692307 0.22596153846153846 0.16346153846153846
1 0.02283653846153846 0.16947115384615385 0.04567307692307692 0.12740384615384615
1 0.2439903846153846 0.08653846153846154 0.15144230769230768 0.10336538461538461
2 0.8557692307692307 0.8653846153846154 0.10817307692307693 0.23317307692307693
2 0.45072115384615385 0.6658653846153846 0.07451923076923077 0.27163461538461536
2 0.41346153846153844 0.5516826923076923 0.07211538461538461 0.23798076923076922
2 0.14182692307692307 0.46274038461538464 0.06971153846153846 0.22596153846153846
2 0.16947115384615385 0.4014423076923077 0.052884615384615384 0.18509615384615385
2 0.31971153846153844 0.1346153846153846 0.06009615384615385 0.10576923076923077
0 0.4387019230769231 0.038461538461538464 0.2091346153846154 0.07692307692307693