1 0.6490384615384616 0.7788461538461539 0.14903846153846154 0.34375
1 0.4411057692307692 0.8870192307692307 0.18509615384615385 0.22355769230769232
1 0.359375 0.5120192307692307 0.12980769230769232 0.1778846153846154
1 0.5961538461538461 0.11899038461538461 0.057692307692307696 0.06490384615384616
1 0.04326923076923077 0.29086538461538464 0.07451923076923077 0.11538461538461539
1 0.09134615384615384 0.09495192307692307 0.038461538461538464 0.04807692307692308
2 0.33052884615384615 0.8064903846153846 0.08413461538461539 0.2620192307692308
2 0.7944711538461539 0.6923076923076923 0.0673076923076923 0.21875
2 0.4795673076923077 0.46033653846153844 0.052884615384615384 0.14903846153846154
2 0.13822115384615385 0.8954326923076923 0.10096153846153846 0.18269230769230768
2 0.5600961538461539 0.296875 0.06490384615384616 0.10817307692307693
2 0.6622596153846154 0.078125 0.01201923076923077 0.036057692307692304
2 0.6298076923076923 0.0889423076923077 0.016826923076923076 0.04567307692307692
2 0.5348557692307693 0.1045673076923077 0.021634615384615384 0.055288461538461536
2 0.25 0.15985576923076922 0.036057692307692304 0.06971153846153846
3 0.25841346153846156 0.2956730769230769 0.2091346153846154 0.18269230769230768
3 0.039663461538461536 0.06971153846153846 0.05048076923076923 0.11057692307692307
3 0.14423076923076922 0.1971153846153846 0.13701923076923078 0.11778846153846154