1 0.2247596153846154 0.7680288461538461 0.20432692307692307 0.2668269230769231
1 0.38221153846153844 0.5625 0.13701923076923078 0.17307692307692307
1 0.3894230769230769 0.7764423076923077 0.15865384615384615 0.35336538461538464
1 0.5841346153846154 0.5168269230769231 0.11538461538461539 0.12980769230769232
1 0.6766826923076923 0.6838942307692307 0.13221153846153846 0.2548076923076923
1 0.8665865384615384 0.8810096153846154 0.2620192307692308 0.19471153846153846
1 0.6875 0.48677884615384615 0.12259615384615384 0.17548076923076922
1 0.6069711538461539 0.3088942307692308 0.09134615384615384 0.11298076923076923
1 0.6165865384615384 0.1814903846153846 0.06971153846153846 0.06971153846153846
1 0.9675480769230769 0.23076923076923078 0.026442307692307692 0.08173076923076923
2 0.7620192307692307 0.6069711538461539 0.0625 0.21875
2 0.38461538461538464 0.171875 0.016826923076923076 0.0673076923076923
2 0.33653846153846156 0.15745192307692307 0.016826923076923076 0.052884615384615384
0 0.921875 0.16947115384615385 0.10817307692307693 0.14903846153846154
0 0.8930288461538461 0.09375 0.057692307692307696 0.07211538461538461
3 0.5769230769230769 0.7800480769230769 0.20432692307692307 0.43509615384615385