1 0.19110576923076922 0.5456730769230769 0.1658653846153846 0.23557692307692307
1 0.3161057692307692 0.5408653846153846 0.12740384615384615 0.2860576923076923
1 0.3545673076923077 0.42788461538461536 0.12980769230769232 0.1971153846153846
1 0.5084134615384616 0.3269230769230769 0.09375 0.13942307692307693
1 0.5649038461538461 0.4963942307692308 0.125 0.2283653846153846
1 0.5733173076923077 0.8677884615384616 0.25721153846153844 0.25961538461538464
1 0.7307692307692307 0.7103365384615384 0.2403846153846154 0.3293269230769231
1 0.6634615384615384 0.31971153846153844 0.12740384615384615 0.16826923076923078
1 0.4423076923076923 0.1201923076923077 0.08173076923076923 0.08413461538461539
1 0.7211538461538461 0.14903846153846154 0.09615384615384616 0.09134615384615384
1 0.9387019230769231 0.07572115384615384 0.040865384615384616 0.06971153846153846
2 0.06129807692307692 0.8545673076923077 0.08413461538461539 0.2860576923076923
2 0.8112980769230769 0.5913461538461539 0.10096153846153846 0.23076923076923078
2 0.28725961538461536 0.04567307692307692 0.019230769230769232 0.052884615384615384
2 0.2439903846153846 0.056490384615384616 0.026442307692307692 0.0673076923076923
0 0.8737980769230769 0.018028846153846152 0.07451923076923077 0.036057692307692304
3 0.4891826923076923 0.5793269230769231 0.17307692307692307 0.3701923076923077