1 0.8028846153846154 0.796875 0.20432692307692307 0.2668269230769231
1 0.6454326923076923 0.5913461538461539 0.13701923076923078 0.17307692307692307
1 0.6394230769230769 0.8052884615384616 0.15865384615384615 0.35336538461538464
1 0.44471153846153844 0.5456730769230769 0.11538461538461539 0.12980769230769232
1 0.35096153846153844 0.7127403846153846 0.13221153846153846 0.2548076923076923
1 0.1466346153846154 0.8978365384615384 0.2932692307692308 0.17067307692307693
1 0.3401442307692308 0.515625 0.12259615384615384 0.17548076923076922
1 0.421875 0.33774038461538464 0.09134615384615384 0.11298076923076923
1 0.41225961538461536 0.21033653846153846 0.06971153846153846 0.06971153846153846
1 0.04567307692307692 0.25721153846153844 0.057692307692307696 0.08413461538461539
2 0.2668269230769231 0.6370192307692307 0.0625 0.21875
2 0.6442307692307693 0.20072115384615385 0.016826923076923076 0.0673076923076923
2 0.6911057692307693 0.18509615384615385 0.016826923076923076 0.052884615384615384
0 0.09014423076923077 0.1971153846153846 0.13942307692307693 0.15144230769230768
0 0.13581730769230768 0.12259615384615384 0.057692307692307696 0.07211538461538461
3 0.453125 0.7944711538461539 0.20432692307692307 0.40625