1 0.6814903846153846 0.8413461538461539 0.1658653846153846 0.24759615384615385
1 0.5408653846153846 0.8100961538461539 0.1658653846153846 0.25961538461538464
1 0.47596153846153844 0.9627403846153846 0.1971153846153846 0.06971153846153846
1 0.31490384615384615 0.6033653846153846 0.13221153846153846 0.1778846153846154
1 0.3798076923076923 0.4110576923076923 0.14423076923076922 0.1201923076923077
1 0.30528846153846156 0.3762019230769231 0.10817307692307693 0.11298076923076923
1 0.42908653846153844 0.24519230769230768 0.057692307692307696 0.07932692307692307
1 0.45072115384615385 0.21754807692307693 0.038461538461538464 0.038461538461538464
1 0.4879807692307692 0.15985576923076922 0.021634615384615384 0.028846153846153848
1 0.4411057692307692 0.15384615384615385 0.019230769230769232 0.03365384615384615
3 0.8557692307692307 0.8521634615384616 0.18269230769230768 0.2644230769230769
3 0.19831730769230768 0.8209134615384616 0.18028846153846154 0.35336538461538464