1 0.7487980769230769 0.8425480769230769 0.18028846153846154 0.24519230769230768
1 0.6117788461538461 0.8317307692307693 0.17548076923076922 0.2620192307692308
1 0.5637019230769231 0.96875 0.18028846153846154 0.057692307692307696
1 0.37740384615384615 0.7115384615384616 0.1466346153846154 0.1875
1 0.6117788461538461 0.4519230769230769 0.16346153846153846 0.1201923076923077
1 0.4639423076923077 0.45072115384615385 0.15865384615384615 0.11778846153846154
1 0.2668269230769231 0.49759615384615385 0.14423076923076922 0.10817307692307693
1 0.171875 0.4170673076923077 0.0889423076923077 0.10096153846153846
1 0.34615384615384615 0.38100961538461536 0.08173076923076923 0.07692307692307693
1 0.453125 0.3233173076923077 0.04807692307692308 0.06009615384615385
1 0.5036057692307693 0.2608173076923077 0.03125 0.040865384615384616
1 0.453125 0.2764423076923077 0.028846153846153848 0.04567307692307692
1 0.46033653846153844 0.22235576923076922 0.021634615384615384 0.03365384615384615
1 0.49399038461538464 0.18870192307692307 0.016826923076923076 0.026442307692307692
1 0.4723557692307692 0.203125 0.021634615384615384 0.026442307692307692
2 0.9867788461538461 0.8329326923076923 0.021634615384615384 0.18509615384615385
2 0.6610576923076923 0.6274038461538461 0.07211538461538461 0.16346153846153846
2 0.4026442307692308 0.5637019230769231 0.052884615384615384 0.11538461538461539
2 0.6754807692307693 0.4675480769230769 0.08653846153846154 0.11538461538461539
2 0.2920673076923077 0.6514423076923077 0.05048076923076923 0.125
2 0.49399038461538464 0.3173076923076923 0.021634615384615384 0.06490384615384616
3 0.9026442307692307 0.8257211538461539 0.18990384615384615 0.25240384615384615
3 0.2980769230769231 0.8497596153846154 0.20192307692307693 0.2956730769230769