1 0.8846153846153846 0.8689903846153846 0.19230769230769232 0.25721153846153844
1 0.4182692307692308 0.8365384615384616 0.19471153846153846 0.2764423076923077
1 0.17908653846153846 0.9158653846153846 0.21153846153846154 0.13942307692307693
1 0.8088942307692307 0.4110576923076923 0.23798076923076922 0.15144230769230768
1 0.5420673076923077 0.2776442307692308 0.11778846153846154 0.09615384615384616
1 0.8774038461538461 0.203125 0.08173076923076923 0.07211538461538461
1 0.8605769230769231 0.16706730769230768 0.04567307692307692 0.057692307692307696
1 0.7716346153846154 0.1935096153846154 0.055288461538461536 0.0625
1 0.765625 0.21995192307692307 0.040865384615384616 0.08173076923076923
1 0.6009615384615384 0.16947115384615385 0.04567307692307692 0.05048076923076923
1 0.5444711538461539 0.23557692307692307 0.10096153846153846 0.06490384615384616
1 0.6370192307692307 0.1502403846153846 0.036057692307692304 0.05048076923076923
2 0.8161057692307693 0.7259615384615384 0.1346153846153846 0.19951923076923078
2 0.6009615384615384 0.609375 0.07692307692307693 0.18509615384615385
2 0.5384615384615384 0.8497596153846154 0.055288461538461536 0.25961538461538464
2 0.3112980769230769 0.7680288461538461 0.07932692307692307 0.22355769230769232
2 0.7319711538461539 0.17307692307692307 0.016826923076923076 0.055288461538461536
2 0.42908653846153844 0.2704326923076923 0.055288461538461536 0.09615384615384616
3 0.6466346153846154 0.84375 0.1971153846153846 0.3076923076923077
3 0.6598557692307693 0.234375 0.07932692307692307 0.12740384615384615