1 0.21754807692307693 0.8197115384615384 0.2403846153846154 0.3173076923076923
1 0.40384615384615385 0.8569711538461539 0.23076923076923078 0.28125
1 0.6694711538461539 0.8233173076923077 0.20673076923076922 0.3245192307692308
1 0.8990384615384616 0.9002403846153846 0.1971153846153846 0.17067307692307693
1 0.8810096153846154 0.7091346153846154 0.18509615384615385 0.2644230769230769
1 0.7043269230769231 0.6237980769230769 0.15384615384615385 0.24759615384615385
1 0.44350961538461536 0.6610576923076923 0.15144230769230768 0.21394230769230768
1 0.30649038461538464 0.6081730769230769 0.19471153846153846 0.2403846153846154
1 0.546875 0.15384615384615385 0.10576923076923077 0.07451923076923077
1 0.6598557692307693 0.06370192307692307 0.05048076923076923 0.06490384615384616
1 0.6358173076923077 0.25240384615384615 0.07932692307692307 0.11057692307692307
1 0.32572115384615385 0.25841346153846156 0.07932692307692307 0.1346153846153846
2 0.20072115384615385 0.9038461538461539 0.10336538461538461 0.1875
2 0.5949519230769231 0.4795673076923077 0.07211538461538461 0.18990384615384615
2 0.6802884615384616 0.4423076923076923 0.07692307692307693 0.1466346153846154
2 0.8209134615384616 0.47716346153846156 0.0625 0.20192307692307693
2 0.7872596153846154 0.43028846153846156 0.04807692307692308 0.18028846153846154
0 0.5024038461538461 0.09615384615384616 0.19230769230769232 0.12259615384615384
0 0.8233173076923077 0.19831730769230768 0.33413461538461536 0.3125