1 0.28846153846153844 0.8341346153846154 0.2692307692307692 0.3269230769230769
1 0.47716346153846156 0.8497596153846154 0.2620192307692308 0.2956730769230769
1 0.7331730769230769 0.796875 0.23317307692307693 0.34615384615384615
1 0.9278846153846154 0.8485576923076923 0.13942307692307693 0.19230769230769232
1 0.9086538461538461 0.6610576923076923 0.1778846153846154 0.2692307692307692
1 0.7475961538461539 0.59375 0.17548076923076922 0.2548076923076923
1 0.49278846153846156 0.6538461538461539 0.16826923076923078 0.21634615384615385
1 0.35697115384615385 0.625 0.21875 0.2620192307692308
1 0.5444711538461539 0.23677884615384615 0.19951923076923078 0.15625
1 0.8810096153846154 0.18389423076923078 0.09615384615384616 0.125
1 0.8209134615384616 0.06971153846153846 0.10576923076923077 0.0985576923076923
1 0.7067307692307693 0.1466346153846154 0.0889423076923077 0.10817307692307693
1 0.6610576923076923 0.06971153846153846 0.0673076923076923 0.07451923076923077
2 0.2848557692307692 0.9074519230769231 0.12740384615384615 0.18028846153846154
2 0.5841346153846154 0.5192307692307693 0.0889423076923077 0.2091346153846154
2 0.6730769230769231 0.4639423076923077 0.09375 0.20432692307692307
2 0.8112980769230769 0.390625 0.07932692307692307 0.16826923076923078
2 0.8413461538461539 0.4387019230769231 0.08413461538461539 0.20673076923076922
2 0.6574519230769231 0.11899038461538461 0.055288461538461536 0.09134615384615384
0 0.4987980769230769 0.1201923076923077 0.21153846153846154 0.17307692307692307