1 0.16826923076923078 0.90625 0.27884615384615385 0.18269230769230768
1 0.39903846153846156 0.7127403846153846 0.18509615384615385 0.28846153846153844
1 0.43990384615384615 0.875 0.20192307692307693 0.24519230769230768
1 0.7163461538461539 0.6009615384615384 0.18509615384615385 0.21153846153846154
1 0.796875 0.7668269230769231 0.2091346153846154 0.34134615384615385
1 0.7896634615384616 0.5216346153846154 0.16105769230769232 0.2283653846153846
1 0.5348557692307693 0.34375 0.11057692307692307 0.15144230769230768
1 0.6995192307692307 0.21153846153846154 0.0985576923076923 0.0985576923076923
1 0.8389423076923077 0.2644230769230769 0.10817307692307693 0.13942307692307693
2 0.9014423076923077 0.6394230769230769 0.08173076923076923 0.27884615384615385
2 0.45072115384615385 0.13341346153846154 0.02403846153846154 0.07451923076923077
2 0.6730769230769231 0.24158653846153846 0.04567307692307692 0.0985576923076923
0 0.8701923076923077 0.12980769230769232 0.21153846153846154 0.21153846153846154
3 0.7175480769230769 0.859375 0.27403846153846156 0.2620192307692308