1 0.3701923076923077 0.890625 0.16346153846153846 0.21394230769230768
1 0.49278846153846156 0.8521634615384616 0.1658653846153846 0.2548076923076923
1 0.5793269230769231 0.9711538461538461 0.18269230769230768 0.052884615384615384
1 0.6682692307692307 0.6322115384615384 0.12740384615384615 0.16346153846153846
1 0.25721153846153844 0.5072115384615384 0.13701923076923078 0.10576923076923077
1 0.5625 0.33533653846153844 0.08653846153846154 0.08413461538461539
1 0.5012019230769231 0.31971153846153844 0.040865384615384616 0.06009615384615385
1 0.4831730769230769 0.28846153846153844 0.026442307692307692 0.04807692307692308
1 0.484375 0.2536057692307692 0.021634615384615384 0.036057692307692304
1 0.4387019230769231 0.26322115384615385 0.02403846153846154 0.04567307692307692
1 0.43149038461538464 0.20192307692307693 0.016826923076923076 0.026442307692307692
2 0.1201923076923077 0.9350961538461539 0.0673076923076923 0.125
2 0.2824519230769231 0.7139423076923077 0.0673076923076923 0.16346153846153846
2 0.38822115384615385 0.6706730769230769 0.07451923076923077 0.1658653846153846
2 0.6189903846153846 0.5324519230769231 0.04326923076923077 0.11298076923076923
2 0.7512019230769231 0.6021634615384616 0.04326923076923077 0.12259615384615384
2 0.4170673076923077 0.2980769230769231 0.021634615384615384 0.05048076923076923
2 0.453125 0.2824519230769231 0.016826923076923076 0.040865384615384616
3 0.21754807692307693 0.9038461538461539 0.18509615384615385 0.1875
3 0.8100961538461539 0.8052884615384616 0.18509615384615385 0.3317307692307692