1 0.43509615384615385 0.8293269230769231 0.17548076923076922 0.32211538461538464
1 0.47836538461538464 0.9627403846153846 0.20192307692307693 0.07211538461538461
1 0.13822115384615385 0.9134615384615384 0.25961538461538464 0.15865384615384615
1 0.20673076923076922 0.7271634615384616 0.16105769230769232 0.2668269230769231
1 0.33653846153846156 0.5576923076923077 0.12980769230769232 0.1971153846153846
1 0.7608173076923077 0.28125 0.1466346153846154 0.11538461538461539
1 0.9771634615384616 0.18629807692307693 0.040865384615384616 0.07932692307692307
1 0.5649038461538461 0.06850961538461539 0.021634615384615384 0.04326923076923077
2 0.8461538461538461 0.8052884615384616 0.06971153846153846 0.27884615384615385
2 0.6009615384615384 0.5384615384615384 0.06009615384615385 0.19951923076923078
2 0.19951923076923078 0.4170673076923077 0.0673076923076923 0.17067307692307693
2 0.13942307692307693 0.44711538461538464 0.05048076923076923 0.14182692307692307