1 0.296875 0.8293269230769231 0.13701923076923078 0.3317307692307692
1 0.47716346153846156 0.8137019230769231 0.14423076923076922 0.29086538461538464
1 0.6069711538461539 0.5817307692307693 0.13701923076923078 0.18028846153846154
1 0.4230769230769231 0.16706730769230768 0.03365384615384615 0.052884615384615384
1 0.48197115384615385 0.1814903846153846 0.04807692307692308 0.04326923076923077
1 0.8978365384615384 0.1778846153846154 0.03365384615384615 0.057692307692307696
2 0.3076923076923077 0.5288461538461539 0.05048076923076923 0.14903846153846154
2 0.3870192307692308 0.5276442307692307 0.04567307692307692 0.16826923076923078
2 0.43509615384615385 0.5180288461538461 0.04567307692307692 0.16346153846153846
2 0.4891826923076923 0.5204326923076923 0.04807692307692308 0.15384615384615385
3 0.9495192307692307 0.1466346153846154 0.052884615384615384 0.10817307692307693
3 0.7776442307692307 0.25961538461538464 0.18509615384615385 0.16826923076923078