1 0.18269230769230768 0.734375 0.18269230769230768 0.25240384615384615
1 0.34375 0.7560096153846154 0.14182692307692307 0.36778846153846156
1 0.35216346153846156 0.5408653846153846 0.125 0.16105769230769232
1 0.5504807692307693 0.5048076923076923 0.11538461538461539 0.12740384615384615
1 0.6334134615384616 0.6730769230769231 0.1346153846153846 0.2548076923076923
1 0.8401442307692307 0.890625 0.30528846153846156 0.20192307692307693
1 0.6598557692307693 0.47596153846153844 0.11778846153846154 0.15625
1 0.6021634615384616 0.29447115384615385 0.0889423076923077 0.11057692307692307
1 0.5925480769230769 0.17668269230769232 0.06971153846153846 0.0625
1 0.8004807692307693 0.21514423076923078 0.0625 0.0673076923076923
2 0.7163461538461539 0.5961538461538461 0.05048076923076923 0.21634615384615385
2 0.9507211538461539 0.8425480769230769 0.08413461538461539 0.25
2 0.32091346153846156 0.14182692307692307 0.014423076923076924 0.052884615384615384
2 0.36778846153846156 0.14903846153846154 0.019230769230769232 0.052884615384615384
0 0.8894230769230769 0.10817307692307693 0.06490384615384616 0.08173076923076923
0 0.9350961538461539 0.1814903846153846 0.11057692307692307 0.15865384615384615
3 0.5336538461538461 0.7644230769230769 0.18028846153846154 0.4206730769230769