1 0.3245192307692308 0.7487980769230769 0.20192307692307693 0.3269230769230769
1 0.7668269230769231 0.9110576923076923 0.2548076923076923 0.17307692307692307
1 0.9254807692307693 0.8858173076923077 0.10576923076923077 0.22355769230769232
1 0.7716346153846154 0.7247596153846154 0.18509615384615385 0.24759615384615385
1 0.49038461538461536 0.2824519230769231 0.19230769230769232 0.15144230769230768
1 0.23557692307692307 0.0733173076923077 0.0985576923076923 0.08173076923076923
1 0.6394230769230769 0.16105769230769232 0.09375 0.08653846153846154
1 0.7932692307692307 0.1814903846153846 0.10096153846153846 0.08653846153846154
1 0.46875 0.08173076923076923 0.07451923076923077 0.06971153846153846
1 0.4387019230769231 0.04927884615384615 0.05048076923076923 0.0625
1 0.5348557692307693 0.09975961538461539 0.04326923076923077 0.07211538461538461
1 0.6911057692307693 0.05048076923076923 0.026442307692307692 0.04326923076923077
1 0.6298076923076923 0.11538461538461539 0.04326923076923077 0.06009615384615385
1 0.6574519230769231 0.09735576923076923 0.04326923076923077 0.05048076923076923
2 0.18389423076923078 0.6021634615384616 0.0985576923076923 0.24759615384615385
2 0.6550480769230769 0.7451923076923077 0.055288461538461536 0.20432692307692307
2 0.6802884615384616 0.5901442307692307 0.11538461538461539 0.19230769230769232
2 0.7079326923076923 0.4519230769230769 0.057692307692307696 0.17307692307692307
2 0.8834134615384616 0.6959134615384616 0.09134615384615384 0.23317307692307693
2 0.7379807692307693 0.17668269230769232 0.04326923076923077 0.07211538461538461
2 0.6983173076923077 0.16105769230769232 0.03365384615384615 0.08653846153846154
3 0.5757211538461539 0.11177884615384616 0.0625 0.11778846153846154
3 0.5492788461538461 0.78125 0.2091346153846154 0.4326923076923077