1 0.6129807692307693 0.8185096153846154 0.16826923076923078 0.3076923076923077
1 0.8918269230769231 0.9182692307692307 0.21394230769230768 0.15865384615384615
1 0.8485576923076923 0.7211538461538461 0.16346153846153846 0.2644230769230769
1 0.7175480769230769 0.5516826923076923 0.125 0.1971153846153846
1 0.007211538461538462 0.3425480769230769 0.014423076923076924 0.16105769230769232
1 0.052884615384615384 0.2439903846153846 0.10576923076923077 0.11538461538461539
1 0.3798076923076923 0.25961538461538464 0.14423076923076922 0.10576923076923077
1 0.4951923076923077 0.055288461538461536 0.02403846153846154 0.04326923076923077
2 0.18509615384615385 0.8257211538461539 0.07211538461538461 0.2860576923076923
2 0.3858173076923077 0.5516826923076923 0.057692307692307696 0.16826923076923078
2 0.8125 0.4230769230769231 0.0673076923076923 0.18509615384615385
2 0.9206730769230769 0.43028846153846156 0.04807692307692308 0.125