1 0.5564903846153846 0.6742788461538461 0.17067307692307693 0.28365384615384615
1 0.07091346153846154 0.21995192307692307 0.14182692307692307 0.11298076923076923
1 0.025240384615384616 0.13581730769230768 0.05048076923076923 0.06971153846153846
1 0.051682692307692304 0.11658653846153846 0.05048076923076923 0.06490384615384616
1 0.5336538461538461 0.8713942307692307 0.20192307692307693 0.25240384615384615
1 0.8425480769230769 0.8209134615384616 0.25721153846153844 0.3173076923076923
1 0.7584134615384616 0.5709134615384616 0.16105769230769232 0.25240384615384615
1 0.6298076923076923 0.43149038461538464 0.1346153846153846 0.19471153846153846
1 0.3954326923076923 0.01201923076923077 0.026442307692307692 0.01201923076923077
2 0.19471153846153846 0.6490384615384616 0.07932692307692307 0.24759615384615385
2 0.5168269230769231 0.3545673076923077 0.06971153846153846 0.16346153846153846
2 0.8004807692307693 0.31490384615384615 0.052884615384615384 0.11778846153846154