1 0.6586538461538461 0.7920673076923077 0.18269230769230768 0.2980769230769231
1 0.23076923076923078 0.8882211538461539 0.23317307692307693 0.19471153846153846
1 0.06971153846153846 0.8353365384615384 0.13942307692307693 0.2620192307692308
1 0.25600961538461536 0.7007211538461539 0.1778846153846154 0.23076923076923078
1 0.5276442307692307 0.33774038461538464 0.1778846153846154 0.1346153846153846
1 0.8449519230769231 0.1935096153846154 0.08653846153846154 0.07932692307692307
1 0.6394230769230769 0.16346153846153846 0.06971153846153846 0.06971153846153846
1 0.6694711538461539 0.13942307692307693 0.04326923076923077 0.057692307692307696
1 0.31009615384615385 0.20192307692307693 0.0889423076923077 0.07211538461538461
1 0.45913461538461536 0.2091346153846154 0.0889423076923077 0.07692307692307693
1 0.5745192307692307 0.171875 0.04567307692307692 0.07211538461538461
1 0.4387019230769231 0.17908653846153846 0.0625 0.06009615384615385
1 0.4855769230769231 0.16706730769230768 0.036057692307692304 0.04807692307692308
2 0.8185096153846154 0.6875 0.08413461538461539 0.22115384615384615
2 0.3629807692307692 0.7307692307692307 0.055288461538461536 0.2283653846153846
2 0.3858173076923077 0.6033653846153846 0.125 0.20192307692307693
2 0.36658653846153844 0.46634615384615385 0.05048076923076923 0.16105769230769232
2 0.1622596153846154 0.6526442307692307 0.08413461538461539 0.22115384615384615
2 0.4026442307692308 0.20072115384615385 0.038461538461538464 0.07451923076923077
2 0.36177884615384615 0.20793269230769232 0.040865384615384616 0.07692307692307693
3 0.45072115384615385 0.7932692307692307 0.19471153846153846 0.40865384615384615
3 0.53125 0.17668269230769232 0.057692307692307696 0.11057692307692307