1 0.8401442307692307 0.8846153846153846 0.2620192307692308 0.22596153846153846
1 0.6550480769230769 0.9290865384615384 0.2860576923076923 0.13701923076923078
1 0.328125 0.8701923076923077 0.23798076923076922 0.24519230769230768
1 0.0985576923076923 0.7944711538461539 0.1971153846153846 0.31971153846153844
1 0.5913461538461539 0.7884615384615384 0.19471153846153846 0.30528846153846156
1 0.7536057692307693 0.71875 0.25 0.30528846153846156
1 0.29086538461538464 0.7019230769230769 0.19471153846153846 0.2956730769230769
1 0.3473557692307692 0.14543269230769232 0.16105769230769232 0.11778846153846154
1 0.36658653846153844 0.025240384615384616 0.055288461538461536 0.05048076923076923
1 0.05048076923076923 0.20793269230769232 0.057692307692307696 0.15384615384615385
2 0.8665865384615384 0.9699519230769231 0.11778846153846154 0.055288461538461536
2 0.45913461538461536 0.8028846153846154 0.0985576923076923 0.31009615384615385
2 0.43990384615384615 0.6875 0.10576923076923077 0.2644230769230769
2 0.16466346153846154 0.5276442307692307 0.09134615384615384 0.23798076923076922
2 0.20552884615384615 0.46634615384615385 0.057692307692307696 0.1971153846153846
2 0.3629807692307692 0.18990384615384615 0.06971153846153846 0.11298076923076923
0 0.5600961538461539 0.12620192307692307 0.25 0.20432692307692307