1 0.7403846153846154 0.7644230769230769 0.16105769230769232 0.28365384615384615
1 0.33413461538461536 0.8858173076923077 0.21875 0.21875
1 0.35216346153846156 0.6947115384615384 0.1658653846153846 0.22115384615384615
1 0.14423076923076922 0.8473557692307693 0.1875 0.27403846153846156
1 0.9002403846153846 0.18028846153846154 0.08653846153846154 0.07451923076923077
1 0.7259615384615384 0.13822115384615385 0.04567307692307692 0.0625
1 0.6574519230769231 0.15865384615384615 0.038461538461538464 0.057692307692307696
1 0.6201923076923077 0.19230769230769232 0.0625 0.07451923076923077
1 0.546875 0.20552884615384615 0.07692307692307693 0.07451923076923077
1 0.39903846153846156 0.24278846153846154 0.11538461538461539 0.0889423076923077
1 0.38341346153846156 0.2091346153846154 0.0889423076923077 0.0673076923076923
1 0.49399038461538464 0.13221153846153846 0.028846153846153848 0.04567307692307692
2 0.8737980769230769 0.6286057692307693 0.07451923076923077 0.1971153846153846
2 0.453125 0.7115384615384616 0.052884615384615384 0.21153846153846154
2 0.25600961538461536 0.6466346153846154 0.057692307692307696 0.18990384615384615
2 0.296875 0.5564903846153846 0.06009615384615385 0.1658653846153846
2 0.40865384615384615 0.39783653846153844 0.04326923076923077 0.13221153846153846
3 0.5432692307692307 0.7824519230769231 0.17067307692307693 0.4230769230769231
3 0.625 0.140625 0.03125 0.0625